//X	Y	Z
-0.41322026	-0.82465470	1.05493093
-0.40873355	-0.82898974	1.05491960
-0.40260080	-0.83220834	1.05490804
-0.28304571	-0.85258526	1.05474377
-0.27645934	-0.85186553	1.05473733
-0.27019298	-0.84724224	1.05473709
-0.26777989	-0.84522969	1.05473733
-0.26259375	-0.83846027	1.05474138
-0.26177317	-0.83710951	1.05474246
-0.25492591	-0.82431477	1.05475342
-0.25055408	-0.81528771	1.05476165
-0.25011134	-0.81337327	1.05476391
-0.24955684	-0.81213415	1.05476511
-0.24900013	-0.81017184	1.05476737
-0.24846584	-0.80778664	1.05477023
-0.24791127	-0.80654764	1.05477142
-0.24772799	-0.80560637	1.05477262
-0.24637961	-0.80100894	1.05477774
-0.24571562	-0.79813701	1.05478120
-0.24577379	-0.79700696	1.05478299
-0.24576265	-0.79498339	1.05478585
-0.24539602	-0.79310071	1.05478823
-0.24499822	-0.79034054	1.05479181
-0.24467641	-0.78761232	1.05479538
-0.24414206	-0.78522730	1.05479825
-0.24459374	-0.78397197	1.05480063
-0.24415797	-0.78119600	1.05480421
-0.24463218	-0.77951801	1.05480719
-0.24389428	-0.77733749	1.05480957
-0.24455178	-0.77660108	1.05481136
-0.24444455	-0.77569151	1.05481255
-0.24350792	-0.77213109	1.05481672
-0.24327093	-0.77073514	1.05481851
-0.24339414	-0.76761329	1.05482316
-0.24351263	-0.76607621	1.05482554
-0.24272126	-0.76344121	1.05482852
-0.24281746	-0.76232696	1.05483019
-0.24351305	-0.76160622	1.05483210
-0.24340576	-0.76069689	1.05483329
-0.24190766	-0.75675893	1.05483735
-0.24159461	-0.75533092	1.05483902
-0.24119687	-0.75257087	1.05484259
-0.24165535	-0.75045407	1.05484629
-0.24256998	-0.74996734	1.05484796
-0.24142301	-0.74747324	1.05485034
-0.24146795	-0.74662769	1.05485165
-0.24206948	-0.74471295	1.05485511
-0.24190858	-0.74334872	1.05485690
-0.24182141	-0.74129343	1.05485976
-0.24273601	-0.74080652	1.05486155
-0.24203616	-0.73864210	1.05486393
-0.24193829	-0.73759449	1.05486536
-0.24211043	-0.73651218	1.05486715
-0.24219328	-0.73568261	1.05486846
-0.24272770	-0.73503625	1.05487001
-0.24193850	-0.73312438	1.05487192
-0.24187621	-0.73136944	1.05487430
-0.24235040	-0.72969139	1.05487728
-0.24157438	-0.72749513	1.05487967
-0.24204865	-0.72581708	1.05488265
-0.24029115	-0.72090608	1.05488789
-0.24093321	-0.71973050	1.05489028
-0.24118143	-0.71868014	1.05489206
-0.24126205	-0.71712732	1.05489445
-0.24188152	-0.71637464	1.05489624
-0.24173626	-0.71544927	1.05489743
-0.24139202	-0.71314383	1.05490041
-0.24015340	-0.71017897	1.05490339
-0.24159816	-0.70919228	1.05490637
-0.24173918	-0.70723248	1.05490947
-0.24251083	-0.70654368	1.05491126
-0.24097466	-0.70258987	1.05491531
-0.23851508	-0.69479084	1.05492401
-0.23625448	-0.68837208	1.05493081
-0.23545626	-0.68659854	1.05493248
-0.23618990	-0.68589377	1.05493438
-0.23388651	-0.68104386	1.05493879
-0.23276418	-0.67581880	1.05494523
-0.23269957	-0.67334056	1.05494869
-0.23197728	-0.67159891	1.05495048
-0.23209602	-0.67006195	1.05495286
-0.23191264	-0.66912061	1.05495405
-0.23175621	-0.66617167	1.05495811
-0.23179880	-0.66460276	1.05496049
-0.23113698	-0.66245431	1.05496287
-0.23095366	-0.66151297	1.05496407
-0.23105678	-0.65953720	1.05496705
-0.23091149	-0.65861183	1.05496824
-0.23134083	-0.65777951	1.05496991
-0.23099664	-0.65547413	1.05497289
-0.23175025	-0.65362316	1.05497646
-0.23067933	-0.65116096	1.05497885
-0.23088974	-0.65009457	1.05498064
-0.23089230	-0.64634794	1.05498612
-0.22595015	-0.57464767	1.05508518
-0.22577813	-0.57125998	1.05508995
-0.22580105	-0.56939864	1.05509269
-0.22579440	-0.56579018	1.05509794
-0.22610331	-0.56433284	1.05510044
-0.22607651	-0.56187063	1.05510402
-0.22590694	-0.55920619	1.05510771
-0.22596517	-0.55807602	1.05510938
-0.22570831	-0.55335611	1.05511606
-0.22548047	-0.54879034	1.05512238
-0.22524628	-0.54364753	1.05512965
-0.21045509	-0.37450665	1.05535996
-0.21005288	-0.37333143	1.05536115
-0.20991257	-0.37241411	1.05536234
-0.20936221	-0.37102872	1.05536377
-0.20856345	-0.37069380	1.05536330
-0.20828441	-0.36942816	1.05536485
-0.20746085	-0.36879265	1.05536485
-0.20619285	-0.36711231	1.05536592
-0.20576572	-0.36563653	1.05536759
-0.20524931	-0.36441347	1.05536878
-0.20441297	-0.36262396	1.05537045
-0.20348504	-0.36036378	1.05537271
-0.20295063	-0.35797864	1.05537558
-0.20257720	-0.35695755	1.05537665
-0.20170513	-0.35587546	1.05537724
-0.20133168	-0.35485443	1.05537832
-0.20083085	-0.35407007	1.05537891
-0.19944230	-0.35176483	1.05538070
-0.19898635	-0.35013491	1.05538261
-0.19814962	-0.34978390	1.05538213
-0.19728389	-0.34927887	1.05538189
-0.19676751	-0.34805572	1.05538309
-0.19578785	-0.34750274	1.05538285
-0.19504309	-0.34618390	1.05538392
-0.19413304	-0.34508586	1.05538452
-0.19350255	-0.34381491	1.05538559
-0.19286156	-0.34211326	1.05538738
-0.19174019	-0.34192717	1.05538642
-0.19145182	-0.34079975	1.05538774
-0.19095629	-0.34002343	1.05538833
-0.19004619	-0.33892542	1.05538893
-0.18928027	-0.33859828	1.05538845
-0.18879783	-0.33753738	1.05538952
-0.18808830	-0.33694983	1.05538952
-0.18719387	-0.33629057	1.05538952
-0.18679667	-0.33512339	1.05539083
-0.18578935	-0.33498514	1.05538988
-0.18470463	-0.33424610	1.05538976
-0.18423557	-0.33290061	1.05539119
-0.18346548	-0.33230528	1.05539119
-0.18266264	-0.33211654	1.05539048
-0.18243727	-0.33130565	1.05539143
-0.18162304	-0.33094656	1.05539107
-0.18068147	-0.33040947	1.05539083
-0.18011987	-0.32961747	1.05539131
-0.17977530	-0.32875052	1.05539215
-0.17848951	-0.32893956	1.05539048
-0.17789686	-0.32768458	1.05539167
-0.17669147	-0.32775915	1.05539012
-0.17541662	-0.32694036	1.05538988
-0.17440841	-0.32479474	1.05539191
-0.17299703	-0.32435086	1.05539095
-0.17204893	-0.32323676	1.05539155
-0.17174754	-0.32239395	1.05539238
-0.17088836	-0.32246584	1.05539131
-0.17003193	-0.32182240	1.05539131
-0.16955748	-0.32046899	1.05539274
-0.16839507	-0.32056767	1.05539131
-0.16789824	-0.31963700	1.05539215
-0.16724530	-0.31878880	1.05539262
-0.16605973	-0.31771734	1.05539286
-0.16508934	-0.31702602	1.05539274
-0.16485870	-0.31620714	1.05539370
-0.16405994	-0.31587213	1.05539334
-0.16336492	-0.31515431	1.05539358
-0.16249013	-0.31478739	1.05539310
-0.16180825	-0.31378505	1.05539382
-0.16065389	-0.31359109	1.05539274
-0.16016623	-0.31252223	1.05539382
-0.15947124	-0.31180438	1.05539405
-0.15843093	-0.31165835	1.05539310
-0.15724829	-0.30987152	1.05539441
-0.15683264	-0.30898085	1.05539525
-0.15585938	-0.30900484	1.05539405
-0.15527323	-0.30832684	1.05539441
-0.15391192	-0.30704543	1.05539477
-0.15243778	-0.30628511	1.05539417
-0.15140438	-0.30527741	1.05539453
-0.15074736	-0.30457559	1.05539477
-0.14937809	-0.30400133	1.05539417
-0.14804965	-0.30272779	1.05539453
-0.14762884	-0.30182898	1.05539536
-0.14653102	-0.30137450	1.05539477
-0.14587790	-0.30052641	1.05539525
-0.14507523	-0.30033764	1.05539465
-0.14446014	-0.29950553	1.05539513
-0.14392820	-0.29784366	1.05539691
-0.14306900	-0.29791546	1.05539584
-0.14205247	-0.29791552	1.05539477
-0.14120930	-0.29698759	1.05539513
-0.14020073	-0.29628047	1.05539501
-0.13902667	-0.29579404	1.05539441
-0.13781232	-0.29456839	1.05539489
-0.13707697	-0.29311126	1.05539620
-0.13617975	-0.29316723	1.05539513
-0.13476431	-0.29286966	1.05539393
-0.13357869	-0.29179817	1.05539417
-0.13235119	-0.29085708	1.05539417
-0.13075647	-0.28947186	1.05539441
-0.12995824	-0.28769830	1.05539608
-0.12941930	-0.28689802	1.05539668
-0.12829435	-0.28541964	1.05539751
-0.12771735	-0.28460345	1.05539811
-0.12683621	-0.28365958	1.05539846
-0.12558386	-0.28241789	1.05539882
-0.12442994	-0.28078538	1.05539989
-0.12390301	-0.27913159	1.05540180
-0.12301263	-0.27832597	1.05540192
-0.12215111	-0.27767456	1.05540192
-0.12138268	-0.27620962	1.05540323
-0.12088594	-0.27527896	1.05540395
-0.12014359	-0.27468342	1.05540407
-0.11912295	-0.27482980	1.05540264
-0.11781695	-0.27313346	1.05540371
-0.11715528	-0.27098501	1.05540609
-0.11605746	-0.27053049	1.05540550
-0.11491674	-0.26861337	1.05540705
-0.11433989	-0.26779711	1.05540752
-0.11219254	-0.26733470	1.05540586
-0.11112350	-0.26703441	1.05540502
-0.10953385	-0.26262584	1.05540967
-0.10816738	-0.26133636	1.05541003
-0.10633799	-0.25927848	1.05541098
-0.10475016	-0.25703171	1.05541241
-0.10344428	-0.25533533	1.05541348
-0.10222992	-0.25410971	1.05541384
-0.10138035	-0.25260481	1.05541515
-0.10016596	-0.25137916	1.05541551
-0.09941900	-0.24933702	1.05541766
-0.09842601	-0.24906859	1.05541694
-0.09737754	-0.24618362	1.05542004
-0.09680063	-0.24536732	1.05542052
-0.09605587	-0.24404863	1.05542159
-0.09548408	-0.24324033	1.05542219
-0.09480631	-0.24209164	1.05542314
-0.09417582	-0.24082075	1.05542421
-0.09347722	-0.23922525	1.05542576
-0.09261850	-0.23785861	1.05542684
-0.09198791	-0.23658758	1.05542791
-0.09112516	-0.23536727	1.05542874
-0.09006700	-0.23405907	1.05542946
-0.08920184	-0.23211546	1.05543137
-0.08803201	-0.23148265	1.05543101
-0.08717316	-0.23011598	1.05543196
-0.08579791	-0.22752628	1.05543423
-0.08520547	-0.22627121	1.05543542
-0.08471787	-0.22520229	1.05543637
-0.08388385	-0.22413614	1.05543697
-0.08295575	-0.22187606	1.05543923
-0.06808412	-0.17950502	1.05548441
-0.06711766	-0.17866747	1.05548453
-0.06656319	-0.17742841	1.05548573
-0.06574240	-0.17607771	1.05548680
-0.06495979	-0.17474289	1.05548787
-0.06404731	-0.17292155	1.05548942
-0.06374112	-0.17063212	1.05549240
-0.06346616	-0.16922015	1.05549419
-0.06351104	-0.16837454	1.05549550
-0.06306833	-0.16646004	1.05549777
-0.06251615	-0.16291279	1.05550230
-0.06273320	-0.16098490	1.05550539
-0.06230366	-0.15837125	1.05550873
-0.06196186	-0.15720376	1.05551004
-0.06180727	-0.15600206	1.05551159
-0.06168738	-0.15435322	1.05551386
-0.06095362	-0.15202653	1.05551648
-0.06046987	-0.15039678	1.05551827
-0.05744666	-0.14149706	1.05552793
-0.05711120	-0.14049198	1.05552900
-0.05714047	-0.13920765	1.05553091
-0.05797908	-0.13868895	1.05553257
-0.05750981	-0.13734353	1.05553401
-0.05597427	-0.13236572	1.05553961
-0.05364680	-0.12577674	1.05554652
-0.05440509	-0.12537245	1.05554795
-0.05425987	-0.12444705	1.05554914
-0.05406740	-0.12364399	1.05555010
-0.04721397	-0.10277081	1.05557287
-0.04793882	-0.10076573	1.05557668
-0.04779795	-0.09825554	1.05558014
-0.04790092	-0.09627979	1.05558312
-0.04803339	-0.09301968	1.05558801
-0.04793924	-0.09182572	1.05558968
-0.04780546	-0.08845392	1.05559444
-0.04796886	-0.08607137	1.05559814
-0.04761782	-0.08462751	1.05559981
-0.04713711	-0.08269703	1.05560207
-0.04677045	-0.08081441	1.05560446
-0.04691941	-0.07814741	1.05560851
-0.04692291	-0.07640824	1.05561101
-0.04642658	-0.07403901	1.05561399
-0.04370765	-0.06526691	1.05562365
-0.04321128	-0.06289771	1.05562663
-0.04339272	-0.06167716	1.05562854
-0.04349580	-0.05970138	1.05563164
-0.04342420	-0.05808467	1.05563390
-0.04343104	-0.05722311	1.05563509
-0.04471962	-0.05631879	1.05563796
-0.04436627	-0.05415165	1.05564070
-0.04487151	-0.05335119	1.05564237
-0.04499249	-0.05253747	1.05564368
-0.04473306	-0.05156428	1.05564487
-0.04557674	-0.05105358	1.05564654
-0.04472892	-0.04867911	1.05564904
-0.04458365	-0.04775375	1.05565023
-0.04474026	-0.04623270	1.05565262
-0.04521444	-0.04455471	1.05565560
-0.04481220	-0.04337943	1.05565691
-0.04571110	-0.04245389	1.05565929
-0.04593061	-0.04124931	1.05566132
-0.04613857	-0.03945965	1.05566406
-0.04644731	-0.03800240	1.05566657
-0.04679421	-0.03656107	1.05566907
-0.04750574	-0.03484055	1.05567241
-0.04737379	-0.03363064	1.05567396
-0.04730459	-0.03273717	1.05567527
-0.04766692	-0.03173462	1.05567706
-0.04841386	-0.03074530	1.05567944
-0.04873592	-0.02900347	1.05568230
-0.04963136	-0.02678564	1.05568659
-0.05042766	-0.02639735	1.05568802
-0.05003338	-0.02492952	1.05568969
-0.04989086	-0.02328891	1.05569196
-0.05088159	-0.02283400	1.05569375
-0.05029307	-0.02143273	1.05569506
-0.05001810	-0.02002072	1.05569685
-0.05060881	-0.01911387	1.05569887
-0.05006756	-0.01759022	1.05570042
-0.05051060	-0.01503479	1.05570471
-0.05068278	-0.01395246	1.05570650
-0.05177984	-0.01239952	1.05570996
-0.05185126	-0.01098481	1.05571210
-0.05177575	-0.00951433	1.05571413
-0.05165681	-0.00801992	1.05571616
-0.05095303	-0.00600177	1.05571842
-0.05071387	-0.00388244	1.05572116
-0.05150774	-0.00277081	1.05572367
-0.05211812	-0.00215647	1.05572534
-0.05196638	-0.00065410	1.05572736
-0.05292721	0.00010937	1.05572951
-0.05255470	0.00097603	1.05573034
-0.05302612	0.00193879	1.05573225
-0.05384095	0.00260365	1.05573416
-0.05357400	0.00430822	1.05573642
-0.05475248	0.00540668	1.05573928
-0.05416913	0.00679994	1.05574071
-0.05362791	0.00832355	1.05574226
-0.05466358	0.00962406	1.05574536
-0.05497003	0.01180461	1.05574882
-0.05582905	0.01490790	1.05575442
-0.02033247	0.18177919	1.05595803
-0.01918729	0.18211144	1.05595720
-0.01797299	0.18333709	1.05595767
-0.01685029	0.18409209	1.05595744
-0.01636545	0.18587628	1.05595958
-0.01561403	0.18633352	1.05595934
-0.01477073	0.18726145	1.05595982
-0.01414658	0.18795539	1.05596006
-0.01320092	0.18834615	1.05595958
-0.01202460	0.18955584	1.05596006
-0.01091510	0.19059537	1.05596030
-0.01045233	0.19136383	1.05596089
-0.00939012	0.19252570	1.05596137
-0.00876597	0.19321966	1.05596173
-0.00837930	0.19395617	1.05596232
-0.00767498	0.19453575	1.05596244
-0.00678457	0.19534138	1.05596256
-0.00573389	0.19591820	1.05596220
-0.00459966	0.19725825	1.05596292
-0.00426942	0.19825532	1.05596399
-0.00293133	0.19795203	1.05596209
-0.00189157	0.19953670	1.05596316
-0.00091174	0.20008969	1.05596292
-0.00007774	0.20115580	1.05596352
0.00082584	0.20167691	1.05596328
0.00164667	0.20302761	1.05596435
0.00287418	0.20396873	1.05596435
0.00430989	0.20615163	1.05596590
0.00515984	0.20621803	1.05596507
0.00602505	0.20816170	1.05596685
0.00655884	0.20895393	1.05596745
0.00727743	0.20940334	1.05596733
0.00837120	0.21000415	1.05596697
0.00907046	0.21057564	1.05596697
0.00978388	0.21101698	1.05596685
0.01071636	0.21169224	1.05596673
0.01166449	0.21280625	1.05596733
0.01279627	0.21342304	1.05596697
0.01401064	0.21464871	1.05596733
0.01552011	0.21614020	1.05596781
0.01711878	0.21737912	1.05596781
0.01833314	0.21860480	1.05596828
0.01944894	0.22022134	1.05596936
0.02035902	0.22131945	1.05596995
0.02126275	0.22184046	1.05596972
0.02195373	0.22270460	1.05597019
0.02250184	0.22336665	1.05597055
0.02316807	0.22393028	1.05597055
0.02401116	0.22485821	1.05597103
0.02479398	0.22619298	1.05597210
0.02533281	0.22699328	1.05597270
0.02644229	0.22803283	1.05597293
0.02746648	0.22917876	1.05597341
0.02818640	0.23019706	1.05597413
0.02905989	0.22999498	1.05597281
0.02981783	0.23102924	1.05597353
0.03080393	0.23215923	1.05597401
0.03175244	0.23183471	1.05597246
0.03295119	0.23262161	1.05597234
0.03433773	0.23276500	1.05597091
0.03695661	0.23529609	1.05597174
0.03747314	0.23651917	1.05597293
0.03831625	0.23744713	1.05597329
0.03903614	0.23846544	1.05597401
0.04027474	0.23881327	1.05597305
0.04175535	0.24015062	1.05597341
0.04275464	0.24099600	1.05597353
0.04360312	0.24193193	1.05597389
0.04460521	0.24206215	1.05597293
0.04542083	0.24340482	1.05597401
0.04627487	0.24332488	1.05597293
0.04729094	0.24476343	1.05597389
0.04828198	0.24513766	1.05597329
0.04988714	0.24468587	1.05597079
0.05123803	0.24553658	1.05597055
0.05329564	0.24769014	1.05597138
0.05398469	0.24866012	1.05597198
0.05476698	0.24916574	1.05597186
0.05588967	0.24992074	1.05597174
0.05708636	0.25081354	1.05597174
0.05809495	0.25152069	1.05597162
0.05893578	0.25172532	1.05597091
0.06021060	0.25254411	1.05597067
0.06168878	0.25315815	1.05596995
0.06292155	0.25410736	1.05596995
0.06360857	0.25511777	1.05597067
0.06463441	0.25539404	1.05596983
0.06549363	0.25532222	1.05596876
0.06637253	0.25554276	1.05596817
0.06694950	0.25635901	1.05596864
0.06792234	0.25777355	1.05596972
0.06921683	0.25888479	1.05596983
0.07016495	0.25999883	1.05597043
0.07098612	0.25991094	1.05596936
0.07205519	0.26021123	1.05596852
0.07269885	0.26119772	1.05596924
0.07380430	0.26238364	1.05596972
0.07561103	0.26183277	1.05596697
0.07634006	0.26271284	1.05596745
0.07763286	0.26469374	1.05596888
0.07855205	0.26565355	1.05596924
0.07955135	0.26649898	1.05596936
0.08028686	0.26795608	1.05597067
0.08107239	0.26857561	1.05597067
0.08177668	0.26915509	1.05597067
0.08216339	0.26989168	1.05597138
0.08316286	0.27073705	1.05597138
0.08392064	0.27177134	1.05597210
0.08519194	0.27129790	1.05596995
0.08593650	0.27261668	1.05597103
0.08645302	0.27383983	1.05597222
0.08747073	0.27440876	1.05597198
0.08832440	0.27576736	1.05597293
0.08915949	0.27698788	1.05597377
0.09007774	0.27779335	1.05597401
0.09106612	0.27964658	1.05597556
0.09176227	0.28051877	1.05597603
0.09259905	0.28086972	1.05597556
0.09358518	0.28199971	1.05597615
0.09445722	0.28308183	1.05597675
0.09595746	0.28471157	1.05597746
0.09697241	0.28599572	1.05597818
0.09780511	0.28649297	1.05597794
0.09942356	0.28802428	1.05597842
0.10022452	0.28908259	1.05597901
0.10100490	0.28969401	1.05597901
0.10145853	0.29060066	1.05597985
0.10241221	0.29028422	1.05597830
0.10344973	0.29114556	1.05597842
0.10439822	0.29082105	1.05597687
0.10584076	0.29214245	1.05597723
0.10744645	0.29251975	1.05597591
0.10932511	0.29214716	1.05597329
0.11015041	0.29191297	1.05597198
0.11220619	0.29493624	1.05597413
0.11400367	0.29452369	1.05597150
0.11606331	0.29436913	1.05596888
0.11719474	0.29642445	1.05597067
0.11836231	0.29633385	1.05596924
0.11934717	0.29689491	1.05596888
0.12063700	0.29655957	1.05596697
0.12222929	0.29722148	1.05596614
0.12348171	0.29846308	1.05596650
0.12441699	0.29842311	1.05596542
0.12610261	0.29868603	1.05596387
0.12665719	0.29992509	1.05596507
0.12760563	0.29960054	1.05596352
0.12898548	0.30060542	1.05596352
0.12984422	0.30197215	1.05596447
0.13063847	0.30389196	1.05596638
0.13173406	0.30362314	1.05596483
0.13265318	0.30458298	1.05596519
0.13307793	0.30533546	1.05596578
0.13409983	0.30575806	1.05596530
0.13472402	0.30645198	1.05596554
0.13571185	0.30671239	1.05596483
0.13708922	0.30699402	1.05596364
0.13860548	0.30762398	1.05596292
0.13988028	0.30844283	1.05596268
0.14105251	0.30979887	1.05596328
0.14251921	0.30982780	1.05596173
0.14342931	0.31092587	1.05596232
0.14527929	0.31039906	1.05595946
0.14615114	0.31148124	1.05596006
0.14685136	0.31220713	1.05596030
0.14810148	0.31272542	1.05595970
0.14963104	0.31307083	1.05595851
0.15055709	0.31316906	1.05595756
0.15239093	0.31364214	1.05595613
0.15407491	0.31477469	1.05595589
0.15600277	0.31644163	1.05595624
0.15742736	0.31660095	1.05595481
0.15950505	0.31760845	1.05595398
0.16058969	0.31834751	1.05595386
0.16164538	0.31893241	1.05595350
0.16312359	0.31954646	1.05595267
0.16482775	0.31953284	1.05595076
0.16582075	0.31980124	1.05595005
0.16667829	0.32059899	1.05595028
0.16764641	0.32056689	1.05594909
0.16865258	0.32055074	1.05594802
0.16998287	0.32095462	1.05594707
0.17093782	0.32120714	1.05594635
0.17166686	0.32208723	1.05594683
0.17299969	0.32177585	1.05594492
0.17405322	0.32163745	1.05594349
0.17508426	0.32192183	1.05594277
0.17642014	0.32392675	1.05594420
0.17762692	0.32400647	1.05594289
0.17879464	0.32433045	1.05594206
0.17970455	0.32501394	1.05594206
0.18082367	0.32489133	1.05594063
0.18139549	0.32569951	1.05594110
0.18253841	0.32530838	1.05593932
0.18320677	0.32618076	1.05593979
0.18529831	0.32587969	1.05593705
0.18700022	0.32817426	1.05593848
0.18834874	0.32830173	1.05593717
0.18966158	0.32913646	1.05593681
0.19093403	0.32923204	1.05593562
0.19260015	0.32920241	1.05593371
0.19331364	0.32964379	1.05593348
0.19460854	0.32931656	1.05593157
0.19583277	0.33199686	1.05593407
0.19721185	0.33140889	1.05593169
0.19983962	0.33077025	1.05592775
0.20184809	0.33088428	1.05592573
0.20323014	0.33261254	1.05592668
0.20414950	0.33357230	1.05592704
0.20536368	0.33479798	1.05592752
0.20605476	0.33566213	1.05592799
0.20699643	0.33619922	1.05592763
0.20805635	0.33663774	1.05592716
0.20936918	0.33747250	1.05592692
0.21084984	0.33880985	1.05592716
0.21165250	0.33899850	1.05592656
0.21303916	0.33914185	1.05592513
0.21382172	0.34047663	1.05592620
0.21460907	0.34022653	1.05592501
0.21565567	0.34094965	1.05592489
0.21662615	0.34164083	1.05592477
0.21995164	0.34547487	1.05592668
0.22164674	0.34863096	1.05592930
0.22286795	0.34899506	1.05592847
0.22372660	0.35036179	1.05592954
0.22475535	0.34992284	1.05592775
0.22587812	0.35067785	1.05592752
0.22702320	0.35101005	1.05592680
0.22860870	0.35253352	1.05592716
0.22973602	0.35473514	1.05592918
0.23085871	0.35549009	1.05592895
0.23227417	0.35578775	1.05592787
0.23337668	0.35768884	1.05592942
0.23425561	0.35790950	1.05592871
0.23557717	0.36004454	1.05593038
0.23679152	0.36127013	1.05593073
0.23877287	0.36339182	1.05593157
0.23963621	0.36317366	1.05593038
0.24122843	0.36383557	1.05592954
0.24369076	0.36788771	1.05593264
0.24487153	0.36751258	1.05593073
0.24634528	0.36971146	1.05593228
0.24821253	0.37178534	1.05593324
0.24878959	0.37260157	1.05593383
0.25017393	0.37505305	1.05593586
0.25113758	0.37660581	1.05593705
0.25188237	0.37792468	1.05593812
0.25283712	0.37817717	1.05593741
0.25461292	0.37978026	1.05593777
0.25714430	0.38472596	1.05594206
0.25880134	0.38786614	1.05594480
0.26087898	0.38887361	1.05594397
0.26218498	0.39056993	1.05594492
0.26723671	0.39843750	1.05595076
0.26948631	0.40283275	1.05595469
0.27518642	0.41313338	1.05596328
0.28170934	0.42694655	1.05597603
0.28102934	0.42810601	1.05597854
0.28139603	0.42998868	1.05598092
0.28176266	0.43187129	1.05598319
0.28203768	0.43328321	1.05598497
0.28267929	0.43657780	1.05598903
0.28347760	0.43835127	1.05599070
0.34496009	0.59887946	1.05615592
0.34601822	0.60018754	1.05615664
0.34699285	0.60073245	1.05615628
0.34825200	0.60111254	1.05615544
0.34916845	0.60278761	1.05615687
0.35013613	0.60377949	1.05615723
0.35104263	0.60399991	1.05615652
0.35197514	0.60467517	1.05615652
0.35296127	0.60580516	1.05615699
0.35353822	0.60662144	1.05615759
0.35474503	0.60711575	1.05615687
0.35606304	0.60795850	1.05615664
0.35660183	0.60875881	1.05615723
0.35750037	0.60927182	1.05615699
0.35830846	0.60946864	1.05615640
0.35946900	0.61023962	1.05615616
0.36032268	0.61159813	1.05615723
0.36124197	0.61255789	1.05615759
0.36249197	0.61307633	1.05615687
0.36377996	0.61361063	1.05615628
0.36452475	0.61492932	1.05615735
0.36529177	0.61582541	1.05615771
0.36703181	0.61813593	1.05615914
0.36792627	0.61879522	1.05615914
0.36913371	0.62088245	1.05616081
0.37897304	0.64169937	1.05618012
0.37947381	0.64248371	1.05618072
0.38033947	0.64298880	1.05618048
0.38146222	0.64374387	1.05618036
0.38398013	0.64594257	1.05618072
0.38525501	0.64676136	1.05618048
0.38571775	0.64752978	1.05618107
0.38669521	0.64735943	1.05617976
0.38964257	0.65175724	1.05618286
0.39042532	0.65309197	1.05618393
0.39119244	0.65398794	1.05618429
0.39327008	0.65499550	1.05618346
0.39460292	0.65468407	1.05618155
0.39618397	0.65779233	1.05618429
0.39732906	0.65812457	1.05618346
0.39848989	0.65889567	1.05618334
0.39978027	0.66015327	1.05618370
0.40242365	0.65995336	1.05618036
0.40643579	0.66623616	1.05618501
0.40752038	0.66697532	1.05618489
0.41019073	0.67226934	1.05618966
0.41069144	0.67305356	1.05619025
0.41385132	0.67407680	1.05618811
0.41552845	0.67607099	1.05618918
0.41657755	0.67751747	1.05619013
0.41811398	0.67700130	1.05618763
0.41969496	0.68010962	1.05619037
0.42094323	0.68149745	1.05619097
0.42217073	0.68243861	1.05619097
0.42365092	0.68521452	1.05619335
0.42443645	0.68583411	1.05619347
0.42577577	0.68609977	1.05619228
0.42677751	0.68766844	1.05619347
0.42744884	0.68824011	1.05619359
0.42930239	0.68900561	1.05619252
0.43158114	0.69211644	1.05619454
0.43258345	0.69224662	1.05619359
0.43335044	0.69314265	1.05619407
0.43541014	0.69298804	1.05619156
0.43749893	0.69601911	1.05619359
0.43838689	0.69610149	1.05619276
0.43991643	0.69644696	1.05619144
0.44253978	0.69739324	1.05618989
0.44444281	0.69875968	1.05618978
0.44609120	0.70059949	1.05619061
0.44753134	0.70119768	1.05618989
0.44909677	0.70386714	1.05619204
0.45151690	0.70804954	1.05619538
0.45233926	0.70853078	1.05619514
0.45307341	0.70941895	1.05619562
0.45379734	0.71029085	1.05619609
0.45486477	0.71146071	1.05619657
0.45630491	0.71205884	1.05619586
0.45769387	0.71292555	1.05619550
0.45827085	0.71374184	1.05619609
0.45982742	0.71511096	1.05619633
0.46058536	0.71614516	1.05619705
0.46148390	0.71665823	1.05619669
0.46230471	0.71800900	1.05619776
0.46285781	0.71867913	1.05619812
0.46379042	0.71935427	1.05619812
0.46467963	0.72000563	1.05619800
0.46606037	0.72116488	1.05619812
0.46690258	0.72193849	1.05619836
0.46757001	0.72265649	1.05619860
0.46845922	0.72330767	1.05619860
0.46934336	0.72353637	1.05619788
0.47027177	0.72435796	1.05619812
0.47109011	0.72498530	1.05619812
0.47200009	0.72608340	1.05619860
0.47263876	0.72706175	1.05619931
0.47374597	0.72737795	1.05619860
0.47436076	0.72821009	1.05619907
0.47503740	0.72878999	1.05619919
0.47574809	0.72994649	1.05620003
0.47664422	0.72973633	1.05619872
0.47789758	0.73113227	1.05619943
0.47880942	0.73136055	1.05619872
0.47983366	0.73250645	1.05619919
0.48067677	0.73343450	1.05619967
0.48118281	0.73422700	1.05620027
0.48200125	0.73485440	1.05620027
0.48272517	0.73572630	1.05620062
0.48401552	0.73698390	1.05620110
0.48520505	0.73790914	1.05620110
0.48666322	0.73966920	1.05620193
0.48759577	0.74034452	1.05620193
0.48810583	0.74099058	1.05620229
0.48870751	0.74210733	1.05620325
0.49038926	0.74251664	1.05620193
0.49157867	0.74344170	1.05620193
0.49356008	0.74556345	1.05620289
0.49462470	0.74744862	1.05620444
0.49664408	0.74958628	1.05620527
0.49774891	0.74917912	1.05620337
0.49995607	0.75067323	1.05620313
0.50161999	0.75295198	1.05620456
0.50339580	0.75455511	1.05620492
0.50468624	0.75581270	1.05620527
0.50598979	0.75678569	1.05620527
0.50783706	0.76000571	1.05620790
0.50865775	0.76135635	1.05620885
0.51007563	0.76237732	1.05620885
0.51119822	0.76313215	1.05620861
0.51293814	0.76544285	1.05621004
0.51359129	0.76629114	1.05621052
0.51413000	0.76709139	1.05621111
0.51557040	0.76768935	1.05621040
0.51629931	0.76856929	1.05621088
0.51708210	0.76990426	1.05621195
0.51810861	0.77177334	1.05621350
0.51868540	0.77258974	1.05621397
0.51969391	0.77329683	1.05621397
0.52055740	0.77307874	1.05621266
0.52186340	0.77477509	1.05621362
0.52395213	0.77780598	1.05621576
0.52460504	0.77865422	1.05621624
0.52525806	0.77950245	1.05621672
0.53184134	0.79290873	1.05622888
0.53398353	0.79639465	1.05623150
0.53528965	0.79809093	1.05623257
0.53680140	0.80030572	1.05623412
0.53775191	0.80214292	1.05623567
0.53895485	0.80581510	1.05623972
0.54280478	0.82111245	1.05625772
0.54556811	0.83797908	1.05627918
0.53375256	0.86998081	1.05633926
0.52418637	0.87436467	1.05635643
0.51884532	0.87574828	1.05636442
0.45162198	0.87606448	1.05644047
0.44912833	0.87560463	1.05644262
0.44667280	0.87516105	1.05644476
0.44012424	0.87445748	1.05645108
0.43806219	0.87388861	1.05645263
0.43712965	0.87321335	1.05645263
0.43551493	0.87297422	1.05645406
0.43401432	0.87278306	1.05645549
0.43247545	0.87257588	1.05645692
0.43135262	0.87182093	1.05645716
0.42981404	0.87161374	1.05645859
0.42814568	0.87091988	1.05645943
0.42655322	0.87025803	1.05646026
0.42433909	0.86962551	1.05646181
0.42346713	0.86854339	1.05646122
0.42176062	0.86783367	1.05646205
0.42057744	0.86748558	1.05646288
0.41947034	0.86716914	1.05646372
0.41863629	0.86610305	1.05646312
0.41784284	0.86577618	1.05646348
0.41672018	0.86502117	1.05646360
0.41533768	0.86473149	1.05646479
0.41504526	0.86375046	1.05646372
0.41306984	0.86364418	1.05646574
0.41235641	0.86320293	1.05646586
0.41180298	0.86211824	1.05646491
0.41063425	0.86205441	1.05646622
0.40899739	0.86079955	1.05646622
0.40823948	0.85976529	1.05646551
0.40727550	0.85965103	1.05646646
0.40695432	0.85851592	1.05646515
0.40620694	0.85791230	1.05646515
0.40512866	0.85775024	1.05646610
0.40439034	0.85700834	1.05646586
0.40301064	0.85600346	1.05646586
0.40228155	0.85512328	1.05646539
0.40230787	0.85413969	1.05646396
0.40116271	0.85380745	1.05646479
0.39985520	0.85339528	1.05646563
0.39941591	0.85235858	1.05646467
0.39861614	0.85186911	1.05646479
0.39746159	0.85126060	1.05646527
0.39622480	0.85045779	1.05646539
0.39543530	0.84998447	1.05646563
0.39427456	0.84921360	1.05646586
0.39369115	0.84782028	1.05646443
0.39284128	0.84775382	1.05646527
0.39221719	0.84706002	1.05646503
0.39140779	0.84629416	1.05646479
0.39013296	0.84547544	1.05646503
0.38872847	0.84417003	1.05646467
0.38757703	0.84326088	1.05646467
0.38663539	0.84272385	1.05646491
0.38551271	0.84196883	1.05646515
0.38465628	0.84132540	1.05646515
0.38410816	0.84066331	1.05646479
0.38342637	0.83966106	1.05646408
0.38253832	0.83957863	1.05646491
0.38143805	0.83840084	1.05646443
0.38033098	0.83808458	1.05646527
0.38022363	0.83717513	1.05646408
0.37956160	0.83646518	1.05646372
0.37884375	0.83575565	1.05646348
0.37793791	0.83492589	1.05646336
0.37715974	0.83462310	1.05646384
0.37659720	0.83367670	1.05646300
0.37537086	0.83330464	1.05646384
0.37475690	0.83262658	1.05646360
0.37362516	0.83200985	1.05646396
0.37290651	0.83156043	1.05646408
0.37209222	0.83078676	1.05646384
0.37090084	0.83073121	1.05646515
0.36978331	0.82998431	1.05646527
0.36859113	0.82977432	1.05646634
0.36608407	0.82959920	1.05646896
0.36361301	0.82871687	1.05647039
0.36288378	0.82783669	1.05646992
0.36085746	0.82656068	1.05647039
0.35917577	0.82615149	1.05647171
0.35819614	0.82559830	1.05647194
0.35592145	0.82537276	1.05647421
0.35585225	0.82447940	1.05647290
0.35504940	0.82429057	1.05647361
0.35388866	0.82351959	1.05647373
0.35281330	0.82264245	1.05647373
0.35202777	0.82202291	1.05647361
0.35186279	0.82080513	1.05647206
0.35097244	0.81999940	1.05647194
0.35017887	0.81967258	1.05647230
0.34975812	0.81877387	1.05647147
0.34902492	0.81803995	1.05647123
0.34761351	0.81759614	1.05647218
0.34660494	0.81688899	1.05647230
0.34587190	0.81615508	1.05647206
0.34504825	0.81551963	1.05647206
0.34392565	0.81476468	1.05647218
0.34349445	0.81343520	1.05647075
0.34265769	0.81308442	1.05647111
0.34196261	0.81236643	1.05647087
0.34120598	0.81190115	1.05647111
0.34027350	0.81122595	1.05647111
0.33976620	0.80986458	1.05646968
0.33760342	0.80896348	1.05647087
0.33678252	0.80761272	1.05646980
0.33584708	0.80723816	1.05647027
0.33556819	0.80638695	1.05646932
0.33435094	0.80546194	1.05646932
0.33434761	0.80458450	1.05646813
0.33266583	0.80417520	1.05646944
0.33252054	0.80324978	1.05646825
0.33124065	0.80242288	1.05646849
0.33023208	0.80171573	1.05646849
0.33011043	0.80052203	1.05646694
0.32902300	0.80049825	1.05646813
0.32879230	0.79967916	1.05646718
0.32749099	0.79942942	1.05646825
0.32625538	0.79878086	1.05646873
0.32510269	0.79771733	1.05646849
0.32427520	0.79722816	1.05646873
0.32259110	0.79609561	1.05646896
0.32237491	0.79514641	1.05646777
0.32157612	0.79481137	1.05646825
0.31955728	0.79426676	1.05646968
0.31796485	0.79360485	1.05647051
0.31727386	0.79274070	1.05647004
0.31668672	0.79190838	1.05646944
0.31564257	0.79190850	1.05647063
0.31429157	0.79105771	1.05647087
0.31419346	0.79001027	1.05646944
0.31284910	0.78973651	1.05647063
0.31172630	0.78898144	1.05647075
0.31024978	0.78749770	1.05647027
0.30963990	0.78667355	1.05646980
0.30840033	0.78658587	1.05647099
0.30680808	0.78592420	1.05647182
0.30538347	0.78576475	1.05647326
0.30465430	0.78488475	1.05647278
0.30359206	0.78372276	1.05647230
0.30341807	0.78264326	1.05647087
0.30251431	0.78212231	1.05647111
0.30078548	0.78183532	1.05647266
0.30028453	0.78105092	1.05647206
0.29795641	0.78037047	1.05647373
0.29721159	0.77905178	1.05647266
0.29582509	0.77890831	1.05647397
0.29499796	0.77698058	1.05647206
0.29304093	0.77659810	1.05647373
0.29203236	0.77589083	1.05647385
0.29053155	0.77569962	1.05647528
0.28956094	0.77500844	1.05647528
0.28875595	0.77409643	1.05647492
0.28783897	0.77386004	1.05647552
0.28679484	0.77386010	1.05647671
0.28555802	0.77305722	1.05647695
0.28417146	0.77291375	1.05647826
0.28335300	0.77228642	1.05647826
0.28166214	0.77201557	1.05647981
0.27956191	0.77143085	1.05648136
0.27879494	0.77053481	1.05648088
0.27676183	0.77012014	1.05648255
0.27636996	0.76937568	1.05648196
0.27531108	0.76909149	1.05648267
0.27438506	0.76899308	1.05648363
0.27354833	0.76864225	1.05648398
0.27234539	0.76800156	1.05648446
0.27122277	0.76724666	1.05648458
0.26974443	0.76663262	1.05648541
0.26838034	0.76606631	1.05648613
0.26756197	0.76543903	1.05648613
0.26662531	0.76491010	1.05648637
0.26489645	0.76462317	1.05648792
0.26363724	0.76424301	1.05648875
0.26227316	0.76367682	1.05648947
0.26056662	0.76296711	1.05649030
0.25904125	0.76247537	1.05649137
0.25817150	0.76211661	1.05649185
0.25631294	0.76134312	1.05649281
0.25539607	0.76110655	1.05649340
0.25404751	0.76097924	1.05649483
0.25256705	0.75964177	1.05649447
0.25107956	0.75916606	1.05649543
0.24961042	0.75841367	1.05649602
0.24823707	0.75798577	1.05649698
0.24722850	0.75727862	1.05649710
0.24538550	0.75694394	1.05649865
0.24422236	0.75544965	1.05649781
0.24302615	0.75538594	1.05649900
0.24257651	0.75433302	1.05649793
0.24136454	0.75383067	1.05649865
0.24104226	0.75254095	1.05649710
0.23899174	0.75255722	1.05649948
0.23742183	0.75147259	1.05649960
0.23632807	0.75087184	1.05649996
0.23456791	0.74970740	1.05650020
0.23284835	0.74928218	1.05650151
0.23190024	0.74816817	1.05650103
0.23179699	0.74711251	1.05649960
0.23057172	0.74689460	1.05650067
0.23006608	0.74466360	1.05649793
0.22855906	0.74389553	1.05649853
0.22716138	0.74172843	1.05649698
0.22654647	0.74089628	1.05649638
0.22587277	0.73960131	1.05649531
0.22532985	0.73894733	1.05649495
0.22497277	0.73817009	1.05649424
0.22411036	0.73771358	1.05649447
0.22347188	0.73714983	1.05649436
0.22231112	0.73637879	1.05649459
0.22189552	0.73548812	1.05649376
0.22102182	0.73527557	1.05649447
0.22039056	0.73467946	1.05649424
0.22028525	0.73366416	1.05649292
0.21917619	0.73345369	1.05649388
0.21911003	0.73260880	1.05649269
0.21825764	0.73181915	1.05649245
0.21780095	0.73086399	1.05649161
0.21698974	0.73013872	1.05649149
0.21645592	0.72934657	1.05649090
0.21548533	0.72865522	1.05649102
0.21476677	0.72820586	1.05649114
0.21434210	0.72745347	1.05649054
0.21314847	0.72667456	1.05649078
0.21240503	0.72592473	1.05649042
0.21167588	0.72504467	1.05648994
0.21109897	0.72422838	1.05648947
0.20951581	0.72342819	1.05649006
0.20877130	0.72210956	1.05648899
0.20857862	0.72130644	1.05648804
0.20756373	0.72002226	1.05648732
0.20717385	0.71923721	1.05648661
0.20690836	0.71845073	1.05648577
0.20610014	0.71749032	1.05648530
0.20570496	0.71621722	1.05648386
0.20401514	0.71610063	1.05648553
0.20389917	0.71389097	1.05648243
0.20322260	0.71331120	1.05648243
0.20296440	0.71249241	1.05648148
0.20269069	0.71164924	1.05648053
0.20195739	0.71091563	1.05648029
0.20159329	0.70975631	1.05647898
0.20105830	0.70880967	1.05647826
0.20043528	0.70827001	1.05647814
0.20017996	0.70715052	1.05647683
0.19895467	0.70693266	1.05647790
0.19792823	0.70506352	1.05647635
0.19653283	0.70361978	1.05647576
0.19627351	0.70264667	1.05647469
0.19609468	0.70012045	1.05647111
0.19559281	0.69918162	1.05647039
0.19549468	0.69813412	1.05646896
0.19509259	0.69737339	1.05646825
0.19421856	0.69674635	1.05646837
0.19317621	0.69629145	1.05646884
0.19279359	0.69540858	1.05646801
0.19149227	0.69515890	1.05646908
0.19070274	0.69468570	1.05646932
0.19060047	0.69378436	1.05646813
0.18979770	0.69359571	1.05646873
0.18886013	0.69291234	1.05646873
0.18811372	0.69246316	1.05646896
0.18797258	0.69139147	1.05646753
0.18702167	0.69099271	1.05646801
0.18616517	0.69034940	1.05646801
0.18459763	0.68998802	1.05646932
0.18362075	0.68871969	1.05646849
0.18207279	0.68865079	1.05647016
0.18079798	0.68783200	1.05647039
0.17938028	0.68681115	1.05647051
0.17871803	0.68610120	1.05647027
0.17841657	0.68525833	1.05646932
0.17734745	0.68495804	1.05647016
0.17663392	0.68451673	1.05647027
0.17569235	0.68397975	1.05647051
0.17511545	0.68316340	1.05647004
0.17390335	0.68266112	1.05647063
0.17320308	0.68193525	1.05647039
0.17227066	0.68125999	1.05647039
0.17170919	0.68046790	1.05646992
0.17041892	0.67962486	1.05647016
0.16857806	0.67959881	1.05647218
0.16698577	0.67893702	1.05647302
0.16527916	0.67822719	1.05647385
0.16370930	0.67714256	1.05647409
0.16258669	0.67638749	1.05647421
0.16110855	0.67577350	1.05647492
0.15981804	0.67451590	1.05647457
0.15937249	0.67331660	1.05647337
0.15805802	0.67335153	1.05647480
0.15645644	0.67282778	1.05647588
0.15525773	0.67204094	1.05647612
0.15508348	0.67096138	1.05647469
0.15361850	0.67006278	1.05647504
0.15321101	0.66887945	1.05647373
0.15169999	0.66825759	1.05647457
0.15098642	0.66781628	1.05647469
0.15048568	0.66703188	1.05647421
0.14940096	0.66629273	1.05647433
0.14917964	0.66533554	1.05647314
0.14778826	0.66374552	1.05647242
0.14684251	0.66335493	1.05647290
0.14621601	0.66193765	1.05647147
0.14466858	0.66043007	1.05647111
0.14383464	0.65936399	1.05647039
0.14312121	0.65892267	1.05647063
0.14226235	0.65755594	1.05646956
0.14129415	0.65758795	1.05647075
0.14073056	0.65648729	1.05646980
0.13983601	0.65582788	1.05646980
0.13852319	0.65499318	1.05647004
0.13780978	0.65455180	1.05647016
0.13648131	0.65327829	1.05646980
0.13554883	0.65260315	1.05646992
0.13450219	0.65187991	1.05647004
0.13396338	0.65107960	1.05646944
0.13291675	0.65035641	1.05646956
0.13241988	0.64942586	1.05646873
0.13132203	0.64897138	1.05646932
0.13055487	0.64807528	1.05646896
0.12941661	0.64688158	1.05646849
0.12917052	0.64562380	1.05646694
0.12854224	0.64507604	1.05646682
0.12791806	0.64438212	1.05646646
0.12637980	0.64273638	1.05646586
0.12561278	0.64184046	1.05646539
0.12531295	0.64012790	1.05646324
0.12449460	0.63950056	1.05646324
0.12320657	0.63896620	1.05646384
0.12259151	0.63813406	1.05646336
0.12175526	0.63634461	1.05646169
0.12125840	0.63541389	1.05646086
0.11928849	0.63387728	1.05646086
0.11790195	0.63373387	1.05646217
0.11737631	0.63264900	1.05646122
0.11718367	0.63184595	1.05646026
0.11647031	0.63140470	1.05646038
0.11551538	0.63115221	1.05646110
0.11431661	0.63036525	1.05646133
0.11351378	0.63017666	1.05646193
0.11288960	0.62948269	1.05646169
0.11262110	0.62864769	1.05646074
0.11172889	0.62871164	1.05646181
0.11088803	0.62850708	1.05646253
0.11021674	0.62793535	1.05646241
0.10912524	0.62805784	1.05646384
0.10889462	0.62723881	1.05646288
0.10790686	0.62697852	1.05646360
0.10615825	0.62639916	1.05646467
0.10466566	0.62591529	1.05646574
0.10366224	0.62521613	1.05646574
0.10346983	0.62441301	1.05646479
0.10148105	0.62459153	1.05646729
0.09977449	0.62388182	1.05646825
0.09829631	0.62326777	1.05646896
0.09783861	0.62250739	1.05646837
0.09596671	0.62201840	1.05646980
0.09542271	0.62121010	1.05646920
0.09442972	0.62094164	1.05646992
0.09363100	0.62060666	1.05647039
0.09213964	0.62027723	1.05647159
0.09065719	0.61980945	1.05647254
0.08934154	0.61968994	1.05647385
0.08762182	0.61926478	1.05647516
0.08612634	0.61908162	1.05647659
0.08425452	0.61859262	1.05647790
0.08337559	0.61837208	1.05647862
0.08168481	0.61810112	1.05648017
0.07919102	0.61764151	1.05648232
0.07780445	0.61749810	1.05648363
0.07753599	0.61666310	1.05648267
0.07726732	0.61582810	1.05648184
0.07525483	0.61586040	1.05648410
0.07454140	0.61541915	1.05648422
0.07332020	0.61505502	1.05648506
0.07225521	0.61460841	1.05648565
0.07106793	0.61440647	1.05648673
0.06932352	0.61368084	1.05648756
0.06788316	0.61308277	1.05648828
0.06660450	0.61241019	1.05648875
0.06501201	0.61174834	1.05648959
0.06386685	0.61141610	1.05649042
0.06311026	0.61095077	1.05649054
0.06144929	0.61098844	1.05649257
0.06064427	0.61007643	1.05649209
0.05876309	0.60972571	1.05649364
0.05593643	0.60898423	1.05649579
0.05408013	0.60893404	1.05649781
0.05280529	0.60811520	1.05649805
0.04977271	0.60685527	1.05649960
0.04814236	0.60617745	1.05650043
0.04655009	0.60551554	1.05650127
0.04613609	0.60375524	1.05649924
0.04474958	0.60361183	1.05650055
0.04327366	0.60372114	1.05650234
0.04156713	0.60301137	1.05650330
0.04044457	0.60225642	1.05650342
0.03829081	0.60121691	1.05650425
0.03654398	0.59976804	1.05650413
0.03557586	0.59979999	1.05650532
0.03356501	0.59896278	1.05650628
0.03242912	0.59849226	1.05650687
0.03176693	0.59778237	1.05650663
0.03049434	0.59768683	1.05650795
0.02890206	0.59702498	1.05650878
0.02719569	0.59631521	1.05650961
0.02598361	0.59581298	1.05651021
0.02412507	0.59503937	1.05651128
0.02385654	0.59420431	1.05651033
0.02273609	0.59417266	1.05651152
0.01968343	0.59405881	1.05651474
0.01881791	0.59355366	1.05651498
0.01784734	0.59286249	1.05651510
0.01661282	0.59278291	1.05651641
0.01457091	0.59106803	1.05651617
0.01288703	0.58993554	1.05651641
0.01172388	0.58844125	1.05651557
0.01122067	0.58693355	1.05651391
0.00947619	0.58620787	1.05651486
0.00880878	0.58548993	1.05651450
0.00770171	0.58517367	1.05651534
0.00652783	0.58468723	1.05651593
0.00600217	0.58360237	1.05651486
0.00525983	0.58300686	1.05651486
0.00441896	0.58280230	1.05651557
0.00373305	0.58194625	1.05651510
0.00263651	0.58206064	1.05651641
0.00150734	0.58072865	1.05651581
-0.00052579	0.58031404	1.05651748
-0.00165891	0.57912832	1.05651700
-0.00281959	0.57835746	1.05651724
-0.00352912	0.57776976	1.05651712
-0.00435142	0.57728863	1.05651736
-0.00519300	0.57549119	1.05651569
-0.00617673	0.57508445	1.05651617
-0.00706198	0.57428682	1.05651605
-0.00833046	0.57404518	1.05651712
-0.01034989	0.57190740	1.05651629
-0.01053324	0.57096606	1.05651510
-0.01124663	0.57052475	1.05651522
-0.01314284	0.56829673	1.05651414
-0.01447780	0.56644630	1.05651295
-0.01592907	0.56382459	1.05651069
-0.01660390	0.56196064	1.05650878
-0.01701546	0.56092364	1.05650771
-0.01790993	0.56026423	1.05650771
-0.01925393	0.55855203	1.05650675
-0.02018207	0.55629188	1.05650449
-0.02102071	0.55377918	1.05650175
-0.02180105	0.55316776	1.05650175
-0.02330822	0.54936796	1.05649793
-0.02448755	0.54584205	1.05649412
-0.02607914	0.53927165	1.05648625
-0.02709877	0.53654081	1.05648351
-0.02911017	0.52357763	1.05646682
-0.03049971	0.51320201	1.05645323
-0.03353334	0.48845410	1.05642056
-0.03458653	0.48412254	1.05641532
-0.03538473	0.48234901	1.05641365
-0.03592595	0.48082539	1.05641210
-0.03700823	0.48080960	1.05641329
-0.03756503	0.47884724	1.05641103
-0.03864969	0.47810820	1.05641115
-0.03937882	0.47722816	1.05641067
-0.04096425	0.47570473	1.05641031
-0.04195282	0.47385147	1.05640864
-0.04286977	0.47361493	1.05640936
-0.04385814	0.47176167	1.05640781
-0.04467882	0.47041088	1.05640674
-0.04509035	0.46937391	1.05640566
-0.04636292	0.46927840	1.05640697
-0.04750123	0.46808460	1.05640650
-0.04907105	0.46699992	1.05640662
-0.04976203	0.46613580	1.05640614
-0.05284381	0.46283638	1.05640483
-0.05327093	0.46136057	1.05640316
-0.05412962	0.45999387	1.05640209
-0.05650917	0.45958206	1.05640423
-0.05815519	0.45846555	1.05640447
-0.06063753	0.45555949	1.05640304
-0.06129047	0.45471135	1.05640244
-0.06261434	0.45185289	1.05639982
-0.06334350	0.45097283	1.05639935
-0.06476119	0.44995198	1.05639946
-0.06524195	0.44802153	1.05639720
-0.06566275	0.44712275	1.05639637
-0.06609395	0.44579327	1.05639482
-0.06642532	0.44464186	1.05639350
-0.06691702	0.44371930	1.05639279
-0.06752510	0.44202548	1.05639100
-0.06834348	0.44139805	1.05639100
-0.06895635	0.43825772	1.05638707
-0.06988421	0.43599761	1.05638480
-0.07038517	0.43521321	1.05638421
-0.07088593	0.43442890	1.05638373
-0.07114536	0.43345565	1.05638254
-0.07173148	0.43277764	1.05638218
-0.07228588	0.43153858	1.05638099
-0.07297926	0.42995116	1.05637944
-0.07402588	0.42922804	1.05637956
-0.07460285	0.42841178	1.05637908
-0.07517976	0.42759556	1.05637848
-0.07605174	0.42651343	1.05637789
-0.07681213	0.42475584	1.05637622
-0.07726168	0.42370293	1.05637515
-0.07820965	0.42258886	1.05637467
-0.07970583	0.42081279	1.05637372
-0.08063614	0.41782933	1.05637038
-0.08278520	0.41823655	1.05637348
-0.08365963	0.41643122	1.05637181
-0.08427453	0.41559896	1.05637121
-0.08533215	0.41285223	1.05636847
-0.08682145	0.41021457	1.05636621
-0.08850097	0.40749720	1.05636418
-0.08978698	0.40465480	1.05636144
-0.09023879	0.40287846	1.05635941
-0.09086701	0.40233085	1.05635929
-0.09139264	0.40124601	1.05635834
-0.09198526	0.39999104	1.05635715
-0.09338496	0.40013215	1.05635893
-0.09430191	0.39989564	1.05635965
-0.09519418	0.39692816	1.05635631
-0.09552964	0.39592308	1.05635524
-0.09661427	0.39518395	1.05635536
-0.09715326	0.39438367	1.05635476
-0.09756482	0.39334667	1.05635369
-0.09873870	0.39286023	1.05635428
-0.09963543	0.39147764	1.05635333
-0.10019001	0.39023855	1.05635214
-0.10129025	0.38906077	1.05635166
-0.10198126	0.38819662	1.05635118
-0.10284007	0.38682994	1.05635011
-0.10364515	0.38591799	1.05634975
-0.10415521	0.38527191	1.05634940
-0.10498288	0.38478276	1.05634952
-0.10583003	0.38400111	1.05634940
-0.10687666	0.38327798	1.05634952
-0.10770418	0.38278884	1.05634975
-0.10843333	0.38190874	1.05634928
-0.10928980	0.38126540	1.05634928
-0.10956348	0.38042238	1.05634832
-0.11051322	0.38017794	1.05634904
-0.11157303	0.37973937	1.05634964
-0.11301801	0.37769470	1.05634820
-0.11458788	0.37660998	1.05634844
-0.11516991	0.37578568	1.05634785
-0.11604375	0.37557325	1.05634856
-0.11691857	0.37520632	1.05634904
-0.11754681	0.37465867	1.05634892
-0.11804351	0.37372798	1.05634809
-0.11916381	0.37369627	1.05634928
-0.12010967	0.37330559	1.05634987
-0.12142250	0.37247086	1.05635011
-0.12248471	0.37130895	1.05634964
-0.12292503	0.37011772	1.05634832
-0.12393361	0.36941057	1.05634844
-0.12443032	0.36847988	1.05634761
-0.12560198	0.36871681	1.05634928
-0.12683192	0.36705238	1.05634820
-0.12812233	0.36579478	1.05634785
-0.12864798	0.36470991	1.05634689
-0.12939033	0.36411440	1.05634689
-0.13079485	0.36280897	1.05634654
-0.13106334	0.36197400	1.05634558
-0.13168749	0.36128002	1.05634534
-0.13276064	0.36112604	1.05634630
-0.13302930	0.36029109	1.05634534
-0.13410245	0.36013710	1.05634630
-0.13448505	0.35925424	1.05634546
-0.13571034	0.35903645	1.05634654
-0.13617827	0.35825995	1.05634594
-0.13648497	0.35740906	1.05634511
-0.13827559	0.35696006	1.05634642
-0.13971572	0.35636199	1.05634713
-0.14008923	0.35534090	1.05634606
-0.14136164	0.35524538	1.05634737
-0.14186484	0.35373771	1.05634570
-0.14335881	0.35268494	1.05634594
-0.14408778	0.35180488	1.05634546
-0.14450860	0.35090613	1.05634463
-0.14481510	0.35005519	1.05634367
-0.14566930	0.35013518	1.05634475
-0.14631313	0.34914875	1.05634403
-0.14665771	0.34828186	1.05634320
-0.14704958	0.34753731	1.05634248
-0.14767781	0.34698960	1.05634248
-0.14881775	0.34666547	1.05634320
-0.14934340	0.34558061	1.05634224
-0.15017852	0.34436008	1.05634141
-0.15102808	0.34285519	1.05634022
-0.15177953	0.34239790	1.05634034
-0.15261632	0.34204698	1.05634081
-0.15315530	0.34124669	1.05634022
-0.15392232	0.34035066	1.05633974
-0.15485448	0.33823687	1.05633771
-0.15534209	0.33716792	1.05633676
-0.15616049	0.33654052	1.05633676
-0.15726057	0.33536270	1.05633628
-0.15960468	0.33121210	1.05633283
-0.16160713	0.32787979	1.05633020
-0.16270737	0.32670200	1.05632973
-0.16336030	0.32585379	1.05632925
-0.16374715	0.32511729	1.05632854
-0.16468875	0.32458028	1.05632889
-0.16560568	0.32434377	1.05632949
-0.16638847	0.32300901	1.05632842
-0.16720672	0.32238156	1.05632854
-0.16803439	0.32189244	1.05632865
-0.16851272	0.32068530	1.05632746
-0.16931793	0.31977329	1.05632710
-0.17028165	0.31822053	1.05632591
-0.17110229	0.31686980	1.05632484
-0.17169490	0.31561482	1.05632365
-0.17233871	0.31462842	1.05632293
-0.17321354	0.31426153	1.05632341
-0.17457300	0.31211048	1.05632174
-0.17622136	0.31027061	1.05632091
-0.17672229	0.30948627	1.05632031
-0.17784499	0.30873123	1.05632055
-0.17893876	0.30813038	1.05632091
-0.17992729	0.30627716	1.05631924
-0.18077448	0.30549553	1.05631912
-0.18173854	0.30538127	1.05632007
-0.18243191	0.30379388	1.05631852
-0.18368205	0.30327559	1.05631912
-0.18485837	0.30206585	1.05631864
-0.18572354	0.30012217	1.05631685
-0.18708114	0.30013296	1.05631840
-0.18839402	0.29929823	1.05631864
-0.18910755	0.29885688	1.05631876
-0.18967532	0.29790241	1.05631804
-0.19060376	0.29708087	1.05631793
-0.19170159	0.29662633	1.05631840
-0.19273262	0.29634193	1.05631924
-0.19350205	0.29472262	1.05631769
-0.19441898	0.29448614	1.05631840
-0.19547434	0.29246271	1.05631661
-0.19622579	0.29200542	1.05631673
-0.19750062	0.29118660	1.05631697
-0.19942838	0.28951958	1.05631673
-0.20015337	0.28884244	1.05631661
-0.20166691	0.28714803	1.05631578
-0.20357950	0.28770757	1.05631876
-0.20619597	0.28589973	1.05631912
-0.20715560	0.28420067	1.05631769
-0.20855267	0.28362662	1.05631840
-0.20949724	0.28380483	1.05631971
-0.21045445	0.28282905	1.05631936
-0.21159033	0.28235856	1.05631995
-0.21283118	0.28170204	1.05632043
-0.21396720	0.28123158	1.05632102
-0.21466747	0.28050569	1.05632079
-0.21689482	0.28015769	1.05632269
-0.21854316	0.27831781	1.05632186
-0.21951129	0.27834991	1.05632305
-0.22060506	0.27774909	1.05632341
-0.22247934	0.27653682	1.05632377
-0.22353227	0.27523667	1.05632305
-0.22442044	0.27515435	1.05632389
-0.22550511	0.27441531	1.05632401
-0.22596785	0.27364689	1.05632341
-0.22813754	0.27360731	1.05632579
-0.22885743	0.27258897	1.05632520
-0.22985968	0.27245882	1.05632615
-0.23067810	0.27183142	1.05632615
-0.23120782	0.27089286	1.05632532
-0.23215869	0.27049410	1.05632579
-0.23331927	0.26972309	1.05632603
-0.23394750	0.26917544	1.05632591
-0.23437236	0.26842302	1.05632532
-0.23632032	0.26790211	1.05632675
-0.23809594	0.26629892	1.05632639
-0.23985834	0.26441121	1.05632555
-0.24213937	0.26360849	1.05632699
-0.24382332	0.26247594	1.05632722
-0.24455248	0.26159590	1.05632675
-0.24563713	0.26085684	1.05632687
-0.24679786	0.26008585	1.05632710
-0.24722259	0.25933337	1.05632651
-0.24806584	0.25840551	1.05632603
-0.24924201	0.25719574	1.05632567
-0.25052556	0.25507662	1.05632401
-0.25193012	0.25377122	1.05632365
-0.25328624	0.25291240	1.05632389
-0.25420946	0.25209889	1.05632377
-0.25543991	0.25187305	1.05632484
-0.25625831	0.25124562	1.05632484
-0.25712386	0.25074050	1.05632508
-0.25813878	0.24945630	1.05632436
-0.25958818	0.24899650	1.05632532
-0.26067287	0.24825744	1.05632544
-0.26195401	0.24686159	1.05632484
-0.26249298	0.24606131	1.05632424
-0.26345429	0.24523182	1.05632412
-0.26482761	0.24480388	1.05632508
-0.26557922	0.24434666	1.05632520
-0.26662585	0.24362352	1.05632532
-0.26916623	0.24184763	1.05632567
-0.27097988	0.24022850	1.05632532
-0.27249610	0.23959848	1.05632615
-0.27411976	0.23805915	1.05632567
-0.27496287	0.23713122	1.05632532
-0.27626887	0.23543489	1.05632424
-0.27718580	0.23519838	1.05632496
-0.27847621	0.23394080	1.05632460
-0.27943116	0.23368834	1.05632532
-0.28128120	0.23118365	1.05632365
-0.28214169	0.23068658	1.05632389
-0.28294957	0.23048986	1.05632460
-0.28367352	0.22961785	1.05632412
-0.28451958	0.22940519	1.05632472
-0.28560182	0.22938940	1.05632591
-0.28627312	0.22881773	1.05632591
-0.28698671	0.22837643	1.05632603
-0.28855020	0.22786875	1.05632699
-0.28976214	0.22736637	1.05632770
-0.29047573	0.22692508	1.05632782
-0.29112345	0.22608495	1.05632734
-0.29279068	0.22596012	1.05632901
-0.29381892	0.22496052	1.05632865
-0.29501808	0.22561213	1.05633104
-0.29573166	0.22517084	1.05633116
-0.29662612	0.22451150	1.05633116
-0.29778963	0.22445579	1.05633247
-0.29855147	0.22356781	1.05633199
-0.29975984	0.22435768	1.05633450
-0.30064800	0.22427538	1.05633545
-0.30118182	0.22348313	1.05633485
-0.30263403	0.22373855	1.05633688
-0.30377916	0.22340634	1.05633759
-0.30473393	0.22315384	1.05633831
-0.30593958	0.22322848	1.05633986
-0.30681846	0.22300792	1.05634046
-0.30838197	0.22250022	1.05634153
-0.30932766	0.22210950	1.05634201
-0.31063178	0.22257504	1.05634415
-0.31205654	0.22241575	1.05634546
-0.31307423	0.22184682	1.05634582
-0.31405810	0.22144017	1.05634630
-0.31512535	0.22027020	1.05634582
-0.31612003	0.22087139	1.05634785
-0.31707090	0.22047263	1.05634832
-0.31839469	0.22064571	1.05635011
-0.32002503	0.21996787	1.05635095
-0.32111654	0.22009034	1.05635226
-0.32183009	0.21964905	1.05635250
-0.32281381	0.21924239	1.05635297
-0.32405746	0.21930106	1.05635452
-0.32506195	0.21844760	1.05635440
-0.32597893	0.21821108	1.05635500
-0.32753092	0.21828847	1.05635691
-0.32807899	0.21762641	1.05635655
-0.32959297	0.21771973	1.05635834
-0.33146468	0.21723072	1.05635977
-0.33259019	0.21719095	1.05636096
-0.33471954	0.21789062	1.05636442
-0.33665881	0.21867006	1.05636775
-0.33744603	0.21892014	1.05636895
-0.33854383	0.21846560	1.05636954
-0.34095952	0.22019972	1.05637479
-0.34230816	0.22007233	1.05637610
-0.34468138	0.22023752	1.05637908
-0.34575045	0.21993722	1.05637980
-0.34692842	0.21959709	1.05638063
-0.34791085	0.21975936	1.05638194
-0.34883183	0.21966913	1.05638289
-0.35029221	0.22021718	1.05638528
-0.35160264	0.22010571	1.05638659
-0.35256690	0.21999151	1.05638754
-0.35374597	0.21949703	1.05638814
-0.35457531	0.21987747	1.05638969
-0.35598427	0.22015691	1.05639160
-0.35740885	0.21999754	1.05639303
-0.35838625	0.22016789	1.05639434
-0.35955381	0.22025846	1.05639577
-0.36113068	0.22003537	1.05639720
-0.36316773	0.21976711	1.05639911
-0.36448759	0.21979392	1.05640066
-0.36598825	0.21960267	1.05640209
-0.36708611	0.21914814	1.05640268
-0.36860919	0.21937971	1.05640471
-0.36934742	0.21863788	1.05640447
-0.37068033	0.21894921	1.05640638
-0.37156162	0.21800534	1.05640602
-0.37296149	0.21814653	1.05640781
-0.37418285	0.21778245	1.05640864
-0.37525180	0.21748212	1.05640936
-0.37657779	0.21693188	1.05641007
-0.37750402	0.21683364	1.05641103
-0.37917009	0.21686316	1.05641294
-0.38127020	0.21627846	1.05641437
-0.38348442	0.21564595	1.05641603
-0.38539433	0.21514101	1.05641735
-0.38736442	0.21504286	1.05641949
-0.38914719	0.21430129	1.05642045
-0.39102131	0.21308900	1.05642068
-0.39173457	0.21264765	1.05642092
-0.39328432	0.21344833	1.05642378
-0.39602879	0.21331583	1.05642664
-0.39745560	0.21243316	1.05642700
-0.39849073	0.21229511	1.05642796
-0.39943022	0.21248142	1.05642927
-0.40059763	0.21257198	1.05643070
-0.40229270	0.21244733	1.05643249
-0.40313634	0.21295796	1.05643415
-0.40533236	0.21348743	1.05643737
-0.40627807	0.21309672	1.05643797
-0.40749294	0.21330962	1.05643964
-0.40863571	0.21370067	1.05644143
-0.40978095	0.21336849	1.05644226
-0.41091460	0.21362135	1.05644393
-0.41206867	0.21342734	1.05644488
-0.41315120	0.21341160	1.05644608
-0.41406798	0.21317506	1.05644679
-0.41500717	0.21336129	1.05644810
-0.41588628	0.21314079	1.05644882
-0.41694900	0.21341749	1.05645037
-0.41798410	0.21327943	1.05645132
-0.41891938	0.21331941	1.05645251
-0.42011574	0.21325578	1.05645370
-0.42245704	0.21285991	1.05645573
-0.42340308	0.21246924	1.05645621
-0.42443398	0.21218485	1.05645704
-0.42746934	0.21164015	1.05645967
-0.42827201	0.21145144	1.05646026
-0.42928758	0.21160586	1.05646157
-0.43003887	0.21114856	1.05646181
-0.43134964	0.21103713	1.05646312
-0.43286586	0.21040715	1.05646384
-0.43382069	0.21015467	1.05646455
-0.43487656	0.20956980	1.05646491
-0.43614897	0.20947427	1.05646622
-0.43815741	0.20936024	1.05646837
-0.44057739	0.20820920	1.05646932
-0.44248956	0.20698094	1.05646968
-0.44344857	0.20687480	1.05647063
-0.44455582	0.20655859	1.05647147
-0.44598266	0.20567590	1.05647171
-0.44700569	0.20468435	1.05647147
-0.44798198	0.20542367	1.05647361
-0.44904992	0.20527768	1.05647457
-0.45049694	0.20554115	1.05647659
-0.45199168	0.20433399	1.05647659
-0.45324755	0.20483159	1.05647874
-0.45405054	0.20464297	1.05647933
-0.45524687	0.20457935	1.05648053
-0.45635381	0.20426305	1.05648136
-0.45721728	0.20448127	1.05648267
-0.45901993	0.20488572	1.05648530
-0.45982260	0.20469704	1.05648589
-0.46179301	0.20459898	1.05648792
-0.46466249	0.20239498	1.05648792
-0.46590436	0.20158401	1.05648816
-0.46707767	0.20269051	1.05649114
-0.46874955	0.20111907	1.05649066
-0.47112736	0.20286916	1.05649590
-0.47456914	0.20129550	1.05649745
-0.47614935	0.19978011	1.05649710
-0.47821140	0.19921139	1.05649853
-0.48021302	0.19823579	1.05649936
-0.48105371	0.19803116	1.05650008
-0.48229751	0.19808987	1.05650151
-0.49484515	0.18696600	1.05649936
-0.49584967	0.18611252	1.05649924
-0.49670145	0.18691577	1.05650139
-0.49867186	0.18681769	1.05650353
-0.50062662	0.18715838	1.05650616
-0.50219715	0.18751228	1.05650842
-0.50407594	0.18788484	1.05651116
-0.50509769	0.18746223	1.05651164
-0.50595438	0.18825737	1.05651379
-0.50717568	0.18789327	1.05651462
-0.50806779	0.18795723	1.05651569
-0.50895590	0.18787494	1.05651665
-0.50993317	0.18804526	1.05651796
-0.51162171	0.18849759	1.05652046
-0.51322091	0.18869725	1.05652261
-0.51417178	0.18829846	1.05652308
-0.51563209	0.18884651	1.05652559
-0.51655829	0.18874827	1.05652642
-0.51745462	0.18895857	1.05652773
-0.51863307	0.18970777	1.05653012
-0.51997018	0.19016543	1.05653238
-0.52094352	0.19018948	1.05653346
-0.52184242	0.19111499	1.05653584
-0.52386165	0.19200879	1.05653942
-0.52488631	0.19230142	1.05654097
-0.52577841	0.19236541	1.05654204
-0.52653688	0.19276974	1.05654347
-0.52740002	0.19298789	1.05654478
-0.52850473	0.19339491	1.05654669
-0.52932364	0.19420606	1.05654871
-0.53083110	0.19487637	1.05655146
-0.53188699	0.19429150	1.05655181
-0.53262049	0.19499627	1.05655360
-0.53422159	0.19606560	1.05655694
-0.53557301	0.19665344	1.05655932
-0.53657663	0.19739285	1.05656159
-0.53738219	0.19791940	1.05656326
-0.53839785	0.19807383	1.05656457
-0.54010886	0.19894896	1.05656779
-0.54191148	0.19935343	1.05657041
-0.54279935	0.19927108	1.05657136
-0.54352397	0.19983767	1.05657291
-0.54522169	0.20042825	1.05657578
-0.54607147	0.20036182	1.05657661
-0.54732609	0.20142835	1.05657959
-0.54900157	0.20159619	1.05658174
-0.54982662	0.20183030	1.05658293
-0.55128926	0.20165500	1.05658436
-0.55213940	0.20158866	1.05658519
-0.55303663	0.20164458	1.05658627
-0.55467159	0.20255160	1.05658948
-0.55614883	0.20209196	1.05659044
-0.55676818	0.20284459	1.05659223
-0.55887282	0.20384479	1.05659604
-0.55974638	0.20404685	1.05659735
-0.56061053	0.20445986	1.05659890
-0.56192786	0.20520994	1.05660152
-0.56298149	0.20534839	1.05660284
-0.56436348	0.20588779	1.05660522
-0.56512392	0.20633259	1.05660677
-0.56664377	0.20744187	1.05661011
-0.56752938	0.20808280	1.05661201
-0.56969553	0.20933546	1.05661631
-0.57087654	0.20971063	1.05661809
-0.57264769	0.21099256	1.05662203
-0.57441235	0.21141297	1.05662465
-0.57631940	0.21322431	1.05662942
-0.57944167	0.21365555	1.05663347
-0.58170307	0.21617681	1.05663979
-0.58287048	0.21626735	1.05664122
-0.58441377	0.21764505	1.05664492
-0.58676457	0.21738744	1.05664718
-0.58791411	0.21864006	1.05665028
-0.58896744	0.21877846	1.05665171
-0.59047270	0.22017211	1.05665541
-0.59188628	0.22203639	1.05665982
-0.59378970	0.22210845	1.05666196
-0.59691203	0.22557122	1.05667055
-0.59911060	0.22537741	1.05667281
-0.60174525	0.22687754	1.05667794
-0.60447615	0.22949192	1.05668485
-0.60580736	0.22893363	1.05668545
-0.60695696	0.23018625	1.05668867
-0.60846478	0.23085661	1.05669129
-0.61029154	0.23255348	1.05669582
-0.61127788	0.23286203	1.05669737
-0.61220181	0.23348710	1.05669928
-0.61295778	0.23461467	1.05670178
-0.61376750	0.23528761	1.05670369
-0.61487228	0.23569462	1.05670559
-0.61643797	0.23749509	1.05671000
-0.61902577	0.24031149	1.05671692
-0.62088901	0.24112281	1.05672026
-0.62331557	0.24386480	1.05672693
-0.62415242	0.24351388	1.05672741
-0.62580752	0.24556702	1.05673230
-0.62642688	0.24631965	1.05673409
-0.62738621	0.24765202	1.05673707
-0.62826103	0.24728517	1.05673754
-0.62930560	0.24728537	1.05673873
-0.63064277	0.24918152	1.05674303
-0.63225174	0.25095803	1.05674744
-0.63320166	0.25071365	1.05674815
-0.63523680	0.25260720	1.05675316
-0.63695037	0.25275907	1.05675530
-0.63896310	0.25422984	1.05675972
-0.64103198	0.25452268	1.05676246
-0.64300698	0.25600946	1.05676687
-0.64417446	0.25610003	1.05676830
-0.64587462	0.25596732	1.05677009
-0.64671075	0.25720936	1.05677283
-0.64919555	0.25804996	1.05677676
-0.65095627	0.25832409	1.05677915
-0.65414524	0.26161665	1.05678761
-0.65623665	0.26233226	1.05679095
-0.65693200	0.26305297	1.05679286
-0.65891391	0.26540133	1.05679846
-0.66031194	0.26770437	1.05680335
-0.66217935	0.27010050	1.05680895
-0.66605586	0.27423584	1.05681944
-0.67230517	0.28377002	1.05684030
-0.67289591	0.28467691	1.05684233
-0.67392671	0.28439248	1.05684304
-0.67630231	0.28686589	1.05684936
-0.67749000	0.28810257	1.05685246
-0.67907125	0.28946429	1.05685627
-0.68013144	0.29046425	1.05685890
-0.68097800	0.29169017	1.05686164
-0.68236661	0.29385492	1.05686641
-0.68370414	0.29575112	1.05687070
-0.68460202	0.29724562	1.05687380
-0.68616480	0.29833084	1.05687714
-0.68703735	0.29868728	1.05687869
-0.68805629	0.30058092	1.05688262
-0.68871462	0.30116320	1.05688417
-0.68981320	0.30214721	1.05688691
-0.69098186	0.30166888	1.05688751
-0.69214344	0.30377501	1.05689192
-0.69575584	0.31033009	1.05690551
-0.69748020	0.31148982	1.05690908
-0.69880432	0.31310141	1.05691302
-0.70090872	0.31410155	1.05691683
-0.70381862	0.31418979	1.05692017
-0.70448935	0.31479642	1.05692184
-0.70575559	0.31527793	1.05692399
-0.70651990	0.31593433	1.05692577
-0.70698518	0.31664494	1.05692732
-0.71166778	0.32536229	1.05694532
-0.71356714	0.32831952	1.05695176
-0.71703255	0.33451575	1.05696476
-0.71849096	0.33722562	1.05697036
-0.72753537	0.35605568	1.05700803
-0.73249829	0.35460776	1.05701149
-0.73392737	0.35603330	1.05701518
-0.73472100	0.35570633	1.05701554
-0.73534751	0.35690600	1.05701804
-0.73664272	0.35908639	1.05702269
-0.73849028	0.36033648	1.05702651
-0.74269474	0.36908257	1.05704403
-0.74453288	0.37095821	1.05704892
-0.81019384	0.53077656	1.05735600
-0.80371290	0.53721857	1.05735815
-0.85005081	0.58716434	1.05748320
-0.84875393	0.58899891	1.05748439
-0.84893394	0.59196675	1.05748892
-0.86791205	0.60599124	1.05753076
-0.87088907	0.60734791	1.05753601
-0.87292039	0.60909516	1.05754089
-0.91524917	0.61413813	1.05759585
-0.91728008	0.61444688	1.05759859
-0.91910517	0.61527419	1.05760193
-0.92066622	0.61548972	1.05760396
-0.92116046	0.61831385	1.05760860
-0.92162800	0.61913037	1.05761039
-1.07098532	0.63435608	1.05780053
-1.07498705	0.63600540	1.05780745
-1.07586169	0.63866991	1.05781233
-1.07632256	0.64006341	1.05781496
-1.07777441	0.64191169	1.05781925
-1.07924366	0.64259803	1.05782187
-1.08087862	0.64350504	1.05782509
-1.08137774	0.64446789	1.05782700
-1.08522916	0.64705062	1.05783510
-1.08589339	0.64864886	1.05783820
-1.08622253	0.65125227	1.05784237
-1.08676386	0.65419859	1.05784726
-1.08796716	0.65499651	1.05784976
-1.09069371	0.65602601	1.05785441
-1.09132779	0.65876198	1.05785906
-1.09275091	0.65958619	1.05786192
-1.09397662	0.66080689	1.05786502
-1.09567213	0.66212082	1.05786884
-1.09514618	0.66885400	1.05787814
-1.09537888	0.67034304	1.05788052
-1.09685290	0.67261428	1.05788553
-1.09820819	0.67334831	1.05788815
-1.09970033	0.68195891	1.05790234
-1.10186553	0.68336600	1.05790687
-1.10289586	0.68467450	1.05790997
-1.10277534	0.68833089	1.05791509
-1.10427153	0.69102478	1.05792069
-1.11042929	0.69352823	1.05793130
-1.11119008	0.69624078	1.05793619
-1.11489356	0.69785511	1.05794263
-1.11657071	0.70074552	1.05794883
-1.11852074	0.70253283	1.05795360
-1.11865115	0.70348477	1.05795515
-1.12233233	0.70426184	1.05796039
-1.12211370	0.70896578	1.05796707
-1.12380898	0.71027976	1.05797088
-1.12548208	0.71117067	1.05797398
-1.12730718	0.71199811	1.05797732
-1.13148451	0.71385181	1.05798471
-1.13220930	0.71585697	1.05798841
-1.13213754	0.71747375	1.05799067
-1.13285577	0.71861738	1.05799317
-1.13245797	0.72137737	1.05799675
-1.13556457	0.72224736	1.05800152
-1.13594031	0.72353446	1.05800378
-1.13966036	0.72573423	1.05801117
-1.14165735	0.72764361	1.05801630
-1.14144802	0.72945440	1.05801868
-1.14177704	0.73205781	1.05802286
-1.14366937	0.73718506	1.05803239
-1.14349723	0.74057269	1.05803716
-1.14491343	0.74171364	1.05804050
-1.14673841	0.74254096	1.05804372
-1.14861679	0.74291337	1.05804634
-1.14961052	0.74408358	1.05804920
-1.15002608	0.74622434	1.05805278
-1.15141129	0.74664998	1.05805492
-1.15147758	0.74807274	1.05805707
-1.15188920	0.75150561	1.05806255
-1.15516138	0.75259638	1.05806792
-1.15464950	0.75540447	1.05807137
-1.15570152	0.75872862	1.05807745
-1.15617824	0.75968331	1.05807936
-1.15542006	0.76374912	1.05808449
-1.15739751	0.76451254	1.05808783
-1.15974569	0.76497823	1.05809116
-1.16249609	0.76771480	1.05809820
-1.16460752	0.76957649	1.05810332
-1.16587067	0.77237415	1.05810881
-1.16722608	0.77310824	1.05811143
-1.17104399	0.77426034	1.05811739
-1.17273939	0.77557421	1.05812120
-1.17532682	0.77695203	1.05812609
-1.17585063	0.77802896	1.05812824
-1.17737782	0.77840692	1.05813050
-1.17770410	0.78029513	1.05813372
-1.17922282	0.78038025	1.05813551
-1.17936826	0.78248632	1.05813873
-1.18140793	0.78334796	1.05814230
-1.18284369	0.78378189	1.05814457
-1.18321741	0.78461397	1.05814612
-1.18410349	0.78525496	1.05814815
-1.18532920	0.78647578	1.05815125
-1.18541288	0.78832936	1.05815411
-1.18818951	0.78860348	1.05815756
-1.18872380	0.78924984	1.05815911
-1.18941915	0.78997052	1.05816102
-1.19023168	0.79135865	1.05816388
-1.19018269	0.79339814	1.05816686
-1.19354641	0.79401833	1.05817151
-1.19374764	0.79494643	1.05817306
-1.19533122	0.79558486	1.05817580
-1.19591665	0.79649979	1.05817783
-1.19787645	0.79683238	1.05818045
-1.19881594	0.79701865	1.05818188
-1.20028543	0.79770494	1.05818450
-1.20173240	0.79796833	1.05818653
-1.20392883	0.79849792	1.05818975
-1.20532227	0.79921603	1.05819237
-1.20722985	0.79943454	1.05819488
-1.20773101	0.80008876	1.05819631
-1.20982862	0.80022728	1.05819893
-1.21200252	0.80033398	1.05820155
-1.21752930	0.80005288	1.05820727
-1.22745037	0.79866910	1.05821645
-1.23005795	0.79816151	1.05821860
-1.23130822	0.79764330	1.05821931
-1.23290062	0.79698133	1.05822015
-1.24193358	0.79264832	1.05822396
-1.24480081	0.79116756	1.05822504
-1.24644661	0.79005104	1.05822527
-1.25181198	0.78522551	1.05822420
-1.25570512	0.78043699	1.05822158
-1.25816488	0.77710825	1.05821955
-1.35332084	0.63705295	1.05812216
-1.35368752	0.63517022	1.05811977
-1.35328662	0.62524366	1.05810487
-1.35289717	0.62223339	1.05809999
-1.32718873	0.57120860	1.05799663
-1.32326746	0.56361085	1.05798113
-1.31713200	0.55217570	1.05795753
-1.31324470	0.54744709	1.05794632
-1.31148875	0.54572636	1.05794179
-1.31018710	0.54453760	1.05793858
-1.30835736	0.54212546	1.05793297
-1.30745351	0.54264641	1.05793273
-1.30641818	0.54134595	1.05792964
-1.30535793	0.54034603	1.05792701
-1.30396438	0.53962773	1.05792439
-1.30238557	0.53754282	1.05791962
-1.30125570	0.53743625	1.05791819
-1.29935455	0.53664082	1.05791485
-1.29841304	0.53717798	1.05791461
-1.29645586	0.53452897	1.05790854
-1.29576063	0.53380841	1.05790675
-1.29444337	0.53305835	1.05790412
-1.29265618	0.53221500	1.05790091
-1.29092288	0.53091705	1.05789697
-1.28950691	0.52977616	1.05789375
-1.28745592	0.52832133	1.05788934
-1.28582096	0.52741420	1.05788612
-1.28497124	0.52748060	1.05788529
-1.28380346	0.52739006	1.05788386
-1.28205657	0.52580756	1.05787957
-1.28015578	0.52501220	1.05787635
-1.27900362	0.52448291	1.05787420
-1.27729487	0.52288449	1.05787003
-1.27548552	0.52161837	1.05786610
-1.27386630	0.52027273	1.05786228
-1.27228498	0.51891088	1.05785859
-1.27004373	0.51753581	1.05785406
-1.26834822	0.51622182	1.05785012
-1.26740909	0.51603556	1.05784881
-1.26640391	0.51545048	1.05784690
-1.26566648	0.51459950	1.05784476
-1.26471364	0.51412857	1.05784309
-1.26270056	0.51121938	1.05783653
-1.26133621	0.51178539	1.05783582
-1.25939274	0.50942117	1.05783021
-1.25855422	0.50890243	1.05782843
-1.25780261	0.50935972	1.05782831
-1.25676715	0.50805920	1.05782521
-1.25576484	0.50818932	1.05782425
-1.25494194	0.50723195	1.05782199
-1.25408280	0.50716019	1.05782092
-1.25177455	0.50595510	1.05781651
-1.25014615	0.50447118	1.05781257
-1.24920058	0.50486183	1.05781209
-1.24844456	0.50373423	1.05780959
-1.24737763	0.50331128	1.05780780
-1.24653387	0.50280058	1.05780602
-1.24571109	0.50184309	1.05780375
-1.24483883	0.50148666	1.05780220
-1.24389553	0.50115418	1.05780065
-1.24281025	0.50045472	1.05779839
-1.24216199	0.49985623	1.05779684
-1.24074614	0.49871525	1.05779362
-1.23920286	0.49733755	1.05778980
-1.23814690	0.49792239	1.05778944
-1.23764145	0.49712190	1.05778778
-1.23694599	0.49640116	1.05778587
-1.23462868	0.49505791	1.05778134
-1.23209250	0.49394870	1.05777693
-1.23122692	0.49445376	1.05777669
-1.22992289	0.49398834	1.05777454
-1.22829020	0.49235794	1.05777025
-1.22552133	0.48975953	1.05776334
-1.22467375	0.48910260	1.05776143
-1.22291791	0.48738191	1.05775702
-1.22199392	0.48675683	1.05775499
-1.22109270	0.48655456	1.05775368
-1.21971500	0.48539767	1.05775046
-1.21767068	0.48480439	1.05774736
-1.21588373	0.48396116	1.05774403
-1.21442759	0.48355943	1.05774188
-1.21368074	0.48257008	1.05773962
-1.21236324	0.48181999	1.05773699
-1.21057630	0.48097679	1.05773377
-1.20889652	0.47922421	1.05772924
-1.20729291	0.47743961	1.05772483
-1.20650315	0.47791278	1.05772471
-1.20556390	0.47772655	1.05772340
-1.20369625	0.47533029	1.05771780
-1.20161176	0.47547629	1.05771565
-1.19993877	0.47458518	1.05771244
-1.19915164	0.47433516	1.05771124
-1.19760370	0.47440410	1.05770957
-1.19678080	0.47344667	1.05770719
-1.19565141	0.47334012	1.05770576
-1.19375241	0.47182143	1.05770147
-1.19228292	0.47113520	1.05769885
-1.19069934	0.47049674	1.05769610
-1.18864822	0.46904182	1.05769169
-1.18768907	0.46770942	1.05768859
-1.18610537	0.46707109	1.05768597
-1.18345058	0.46442482	1.05767906
-1.18096077	0.46199924	1.05767274
-1.17870438	0.46106291	1.05766881
-1.17743802	0.46058136	1.05766666
-1.17593968	0.46004930	1.05766428
-1.17311954	0.46021378	1.05766129
-1.17226934	0.46028021	1.05766046
-1.17016721	0.45855665	1.05765557
-1.16855001	0.45951903	1.05765510
-1.16772234	0.46000817	1.05765498
-1.16669595	0.45884594	1.05765212
-1.16406822	0.45820737	1.05764818
-1.16276813	0.45788810	1.05764627
-1.16190243	0.45839322	1.05764604
-1.16125023	0.45764852	1.05764425
-1.15973330	0.45684001	1.05764127
-1.15844762	0.45665085	1.05763960
-1.15669847	0.45579174	1.05763638
-1.15502107	0.45634726	1.05763531
-1.15422237	0.45668221	1.05763483
-1.15300345	0.45632303	1.05763304
-1.15218055	0.45536566	1.05763066
-1.15109158	0.45451993	1.05762815
-1.14938271	0.45292139	1.05762398
-1.14729369	0.45148247	1.05761945
-1.14597416	0.45145574	1.05761802
-1.14431882	0.45243403	1.05761755
-1.14140248	0.44845283	1.05760849
-1.14046311	0.44826657	1.05760717
-1.13936937	0.44886738	1.05760682
-1.13679063	0.44618917	1.05759990
-1.13566315	0.44535932	1.05759752
-1.13426983	0.44464117	1.05759490
-1.13274217	0.44282469	1.05759048
-1.13195288	0.44329798	1.05759025
-1.13080287	0.44204530	1.05758715
-1.12969136	0.44077671	1.05758405
-1.12806988	0.44015428	1.05758131
-1.12637424	0.43884039	1.05757749
-1.12538147	0.43910885	1.05757678
-1.12364340	0.43622601	1.05757058
-1.12210476	0.43643323	1.05756915
-1.12006938	0.43453956	1.05756414
-1.11720872	0.43241185	1.05755782
-1.11509752	0.43055016	1.05755270
-1.11422491	0.43019369	1.05755126
-1.11256981	0.42814058	1.05754638
-1.11143577	0.42644912	1.05754256
-1.11048985	0.42540139	1.05754006
-1.10837364	0.42195478	1.05753267
-1.10720158	0.42027929	1.05752885
-1.10597599	0.41905856	1.05752563
-1.10146201	0.41271579	1.05751133
-1.09942007	0.40996066	1.05750501
-1.09019077	0.39490849	1.05747271
-1.08817124	0.39257610	1.05746698
-1.08665907	0.39032096	1.05746198
-1.08429933	0.38740888	1.05745506
-1.08213437	0.38600183	1.05745065
-1.08105850	0.38544062	1.05744863
-1.07961369	0.38445377	1.05744553
-1.07768548	0.38165078	1.05743921
-1.07598782	0.38106024	1.05743647
-1.07452059	0.37965068	1.05743277
-1.07323456	0.37802309	1.05742896
-1.07189703	0.37612683	1.05742466
-1.06944549	0.37368542	1.05741835
-1.06846130	0.37265354	1.05741572
-1.06700969	0.37080517	1.05741143
-1.06542611	0.37016678	1.05740869
-1.06378651	0.36767483	1.05740321
-1.06214488	0.36590624	1.05739880
-1.06133533	0.36523342	1.05739689
-1.06057930	0.36410591	1.05739439
-1.05938911	0.36359242	1.05739236
-1.05884588	0.36280799	1.05739057
-1.05709004	0.36108720	1.05738604
-1.05605197	0.36050999	1.05738401
-1.05513060	0.35916165	1.05738103
-1.05207300	0.35625210	1.05737340
-1.05069983	0.35668007	1.05737245
-1.04936647	0.35636863	1.05737054
-1.04806745	0.35445657	1.05736625
-1.04665327	0.35377061	1.05736363
-1.04584992	0.35252070	1.05736089
-1.04526019	0.35187399	1.05735934
-1.04447210	0.35136378	1.05735767
-1.04330015	0.34968841	1.05735397
-1.04240513	0.34890911	1.05735183
-1.04102957	0.34702891	1.05734754
-1.03880417	0.34521502	1.05734229
-1.03723848	0.34341455	1.05733800
-1.03587377	0.34254211	1.05733514
-1.03522551	0.34194368	1.05733359
-1.03420329	0.34092784	1.05733085
-1.03293967	0.33972305	1.05732775
-1.03218114	0.33931872	1.05732632
-1.03140938	0.33862984	1.05732441
-1.03076124	0.33803141	1.05732286
-1.02930164	0.33547595	1.05731738
-1.02811968	0.33566976	1.05731642
-1.02693987	0.33555484	1.05731487
-1.02633262	0.33482653	1.05731308
-1.02495468	0.33366957	1.05730987
-1.02410781	0.33327287	1.05730832
-1.02250671	0.33076501	1.05730295
-1.02163184	0.33113191	1.05730247
-1.02040601	0.32991111	1.05729926
-1.01971054	0.32919043	1.05729747
-1.01858556	0.32763726	1.05729389
-1.01779175	0.32652566	1.05729139
-1.01580238	0.32449406	1.05728626
-1.01475656	0.32403889	1.05728436
-1.01400840	0.32278925	1.05728173
-1.01317012	0.32227063	1.05728006
-1.01176298	0.31982937	1.05727482
-1.01034927	0.31796512	1.05727053
-1.00953984	0.31729218	1.05726862
-1.00887299	0.31641725	1.05726659
-1.00770783	0.31560335	1.05726409
-1.00686002	0.31494635	1.05726218
-1.00568867	0.31470954	1.05726051
-1.00480938	0.31349155	1.05725777
-1.00389862	0.31315109	1.05725622
-1.00343156	0.31233463	1.05725455
-1.00274491	0.31175211	1.05725288
-1.00195086	0.31064048	1.05725038
-1.00067163	0.30987445	1.05724788
-0.99902987	0.30810589	1.05724347
-0.99809450	0.30806592	1.05724227
-0.99744636	0.30746743	1.05724072
-0.99655122	0.30668828	1.05723858
-0.99605525	0.30602598	1.05723703
-0.99495047	0.30561897	1.05723524
-0.99399495	0.30443284	1.05723238
-0.99137604	0.30249396	1.05722666
-0.98900509	0.30160546	1.05722260
-0.98749751	0.30093515	1.05721998
-0.98671019	0.30068499	1.05721879
-0.98545974	0.29976478	1.05721593
-0.98451412	0.30015549	1.05721545
-0.98365593	0.29992923	1.05721414
-0.98245394	0.29856238	1.05721080
-0.98160183	0.29817367	1.05720937
-0.98082119	0.29734665	1.05720723
-0.98035365	0.29653016	1.05720556
-0.97958219	0.29584134	1.05720365
-0.97853518	0.29512590	1.05720139
-0.97783971	0.29440522	1.05719960
-0.97694987	0.29361790	1.05719745
-0.97573036	0.29182011	1.05719340
-0.97433925	0.29037860	1.05718982
-0.97341561	0.28975362	1.05718780
-0.97257042	0.28837344	1.05718482
-0.97087502	0.28705952	1.05718100
-0.97008139	0.28738642	1.05718064
-0.96937656	0.28652743	1.05717862
-0.96842396	0.28605661	1.05717683
-0.96765643	0.28551409	1.05717516
-0.96668148	0.28462043	1.05717278
-0.96533525	0.28402454	1.05717039
-0.96410704	0.28352711	1.05716825
-0.96263969	0.28211752	1.05716455
-0.96150351	0.28114945	1.05716181
-0.96030033	0.28035149	1.05715930
-0.95811266	0.27852166	1.05715418
-0.95687145	0.27773967	1.05715168
-0.95599502	0.27723697	1.05715001
-0.95541757	0.27661470	1.05714834
-0.95394808	0.27592841	1.05714571
-0.95200890	0.27514899	1.05714238
-0.95115721	0.27434573	1.05714023
-0.95019513	0.27373660	1.05713832
-0.94904333	0.27320731	1.05713630
-0.94793868	0.27280030	1.05713439
-0.94630373	0.27189326	1.05713129
-0.94447851	0.27106601	1.05712795
-0.94295549	0.27083445	1.05712593
-0.94201612	0.27064812	1.05712461
-0.94038105	0.26974106	1.05712140
-0.93966103	0.26932091	1.05711997
-0.93811512	0.26866645	1.05711734
-0.93764788	0.26785004	1.05711555
-0.93600386	0.26680481	1.05711222
-0.93521917	0.26583141	1.05710995
-0.93365079	0.26475418	1.05710661
-0.93233609	0.26328087	1.05710292
-0.93108761	0.26163724	1.05709910
-0.92939222	0.26032341	1.05709529
-0.92816657	0.25910264	1.05709219
-0.92741060	0.25797507	1.05708969
-0.92576891	0.25620651	1.05708528
-0.92454326	0.25498575	1.05708206
-0.92352331	0.25324655	1.05707836
-0.92144990	0.25136888	1.05707335
-0.91933829	0.24950711	1.05706823
-0.91818643	0.24897775	1.05706620
-0.91697866	0.24659501	1.05706131
-0.91445130	0.24418549	1.05705500
-0.91369277	0.24378119	1.05705357
-0.91318727	0.24298061	1.05705178
-0.91197503	0.24204449	1.05704904
-0.91059721	0.24088757	1.05704582
-0.90921938	0.23973064	1.05704260
-0.90846318	0.23860303	1.05704010
-0.90698290	0.23690893	1.05703592
-0.90577942	0.23611096	1.05703342
-0.90512592	0.23552054	1.05703187
-0.90432715	0.23585552	1.05703139
-0.90326542	0.23398595	1.05702746
-0.90172213	0.23260830	1.05702376
-0.90041554	0.23286603	1.05702269
-0.89957941	0.23162404	1.05701995
-0.89823735	0.23117448	1.05701768
-0.89736080	0.23067176	1.05701602
-0.89630949	0.22980995	1.05701363
-0.89534783	0.22920093	1.05701160
-0.89392716	0.22950655	1.05701041
-0.89327890	0.22890811	1.05700886
-0.89207578	0.22811019	1.05700636
-0.89117420	0.22790794	1.05700505
-0.88982314	0.22732013	1.05700266
-0.88887966	0.22698754	1.05700111
-0.88768035	0.22633590	1.05699885
-0.88677490	0.22598736	1.05699730
-0.88589329	0.22549266	1.05699551
-0.88507956	0.22467345	1.05699348
-0.88434100	0.22397675	1.05699158
-0.88347775	0.22375861	1.05699027
-0.88273495	0.22291552	1.05698824
-0.88176256	0.22273712	1.05698693
-0.88103962	0.22160164	1.05698442
-0.88019454	0.22165993	1.05698359
-0.87906229	0.22083819	1.05698109
-0.87849009	0.22020784	1.05697954
-0.87751907	0.21946052	1.05697739
-0.87694281	0.21868387	1.05697560
-0.87524748	0.21736997	1.05697167
-0.87353778	0.21592592	1.05696774
-0.87274122	0.21553759	1.05696619
-0.87198794	0.21512523	1.05696476
-0.87125456	0.21442050	1.05696297
-0.87061667	0.21339132	1.05696070
-0.86882102	0.21081693	1.05695498
-0.86723495	0.21090180	1.05695331
-0.86604738	0.20966512	1.05695009
-0.86516136	0.20902407	1.05694818
-0.86379051	0.20872873	1.05694628
-0.86264777	0.20833765	1.05694437
-0.86186075	0.20808759	1.05694318
-0.86054313	0.20733748	1.05694056
-0.85965103	0.20727350	1.05693948
-0.85856616	0.20657405	1.05693722
-0.85767376	0.20651001	1.05693614
-0.85713446	0.20587179	1.05693460
-0.85624236	0.20580781	1.05693352
-0.85564768	0.20475464	1.05693126
-0.85395229	0.20344080	1.05692744
-0.85307062	0.20294610	1.05692577
-0.85197073	0.20109248	1.05692184
-0.85103130	0.20090616	1.05692041
-0.84997106	0.19990622	1.05691779
-0.84814137	0.19749406	1.05691218
-0.84721768	0.19686908	1.05691028
-0.84596932	0.19522549	1.05690646
-0.84506351	0.19343843	1.05690289
-0.84417796	0.19279744	1.05690086
-0.84219611	0.19044909	1.05689526
-0.84089434	0.18926027	1.05689204
-0.83970678	0.18802360	1.05688894
-0.83844048	0.18754210	1.05688679
-0.83790112	0.18690382	1.05688524
-0.83682764	0.18561932	1.05688214
-0.83502066	0.18363005	1.05687726
-0.83396018	0.18263002	1.05687451
-0.83305478	0.18228146	1.05687308
-0.83258241	0.18147308	1.05687129
-0.83171207	0.18039334	1.05686879
-0.83105469	0.17965665	1.05686700
-0.83015746	0.17960075	1.05686593
-0.82948673	0.17857949	1.05686367
-0.82874882	0.17807758	1.05686212
-0.82771754	0.17657419	1.05685866
-0.82669121	0.17576119	1.05685639
-0.82580829	0.17583545	1.05685544
-0.82470936	0.17341284	1.05685067
-0.82371485	0.17281169	1.05684876
-0.82259387	0.17140485	1.05684543
-0.82192707	0.17052987	1.05684340
-0.82131422	0.16920026	1.05684078
-0.82043743	0.16869748	1.05683899
-0.81957388	0.16704081	1.05683565
-0.81856084	0.16616310	1.05683327
-0.81790316	0.16542639	1.05683136
-0.81701338	0.16463909	1.05682921
-0.81633359	0.16347963	1.05682683
-0.81524158	0.16191858	1.05682325
-0.81416577	0.16135736	1.05682123
-0.81340307	0.16080673	1.05681956
-0.81254643	0.16001157	1.05681741
-0.81109476	0.15816322	1.05681312
-0.81021839	0.15766050	1.05681145
-0.80915785	0.15666050	1.05680871
-0.80842447	0.15595572	1.05680692
-0.80751157	0.15633857	1.05680645
-0.80649436	0.15531452	1.05680382
-0.80558169	0.15534817	1.05680287
-0.80444747	0.15400599	1.05679953
-0.80372703	0.15358573	1.05679822
-0.80282164	0.15323716	1.05679667
-0.80199748	0.15326326	1.05679572
-0.80125457	0.15242022	1.05679369
-0.80039048	0.15194187	1.05679202
-0.79972470	0.15132710	1.05679035
-0.79911447	0.15071270	1.05678880
-0.79782277	0.14992237	1.05678618
-0.79739141	0.14898409	1.05678427
-0.79654872	0.14831910	1.05678236
-0.79507893	0.14619429	1.05677760
-0.79387569	0.14539635	1.05677509
-0.79303080	0.14545465	1.05677426
-0.79229444	0.14403462	1.05677140
-0.79092562	0.14301595	1.05676830
-0.78937364	0.14293855	1.05676651
-0.78868747	0.14235605	1.05676484
-0.78817666	0.14156359	1.05676317
-0.78727150	0.14121510	1.05676162
-0.78640288	0.14100492	1.05676031
-0.78575468	0.14040652	1.05675876
-0.78450429	0.13948628	1.05675590
-0.78359300	0.13853638	1.05675352
-0.78262782	0.13839039	1.05675220
-0.78176534	0.13843237	1.05675137
-0.78114820	0.13695644	1.05674851
-0.78023446	0.13707905	1.05674767
-0.77960694	0.13644843	1.05674601
-0.77878159	0.13621424	1.05674469
-0.77813327	0.13561581	1.05674314
-0.77747554	0.13487907	1.05674136
-0.77639461	0.13432592	1.05673933
-0.77513391	0.13383643	1.05673718
-0.77429026	0.13332582	1.05673552
-0.77352363	0.13262887	1.05673361
-0.77240723	0.13280688	1.05673265
-0.77120632	0.13128564	1.05672908
-0.77007693	0.13117914	1.05672765
-0.76879996	0.12968978	1.05672395
-0.76740652	0.12897161	1.05672133
-0.76639092	0.12881722	1.05672002
-0.76474041	0.12834893	1.05671751
-0.76372516	0.12819457	1.05671608
-0.76209021	0.12728754	1.05671299
-0.75972801	0.12509871	1.05670714
-0.75801265	0.12263878	1.05670154
-0.61195582	0.03311501	1.05640662
-0.60693002	0.02958024	1.05639577
-0.60271829	0.02686471	1.05638707
-0.59637523	0.02216522	1.05637312
-0.59578454	0.02125838	1.05637109
-0.59561253	0.02017611	1.05636930
-0.59473604	0.01925880	1.05636704
-0.59464920	0.01828285	1.05636549
-0.59428674	0.01728028	1.05636358
-0.59392416	0.01627772	1.05636168
-0.59304374	0.01562871	1.05635977
-0.59345013	0.01459975	1.05635870
-0.59278852	0.01371673	1.05635667
-0.59258467	0.01207338	1.05635405
-0.59205663	0.01085007	1.05635166
-0.59088886	0.00932097	1.05634820
-0.59068370	0.00824658	1.05634630
-0.59006143	0.00677869	1.05634356
-0.58989817	0.00583460	1.05634189
-0.58958012	0.00423911	1.05633926
-0.58856934	0.00263811	1.05633581
-0.58878160	0.00154260	1.05633438
-0.58773702	0.00010393	1.05633116
-0.58845288	-0.00106072	1.05633020
-0.58820444	-0.00211112	1.05632842
-0.58754712	-0.00284779	1.05632663
-0.58748400	-0.00438444	1.05632436
-0.58702099	-0.00623298	1.05632114
-0.58734512	-0.00706759	1.05632019
-0.58729553	-0.00949807	1.05631661
-0.58717722	-0.01103501	1.05631423
-0.58692878	-0.01208543	1.05631244
-0.58571231	-0.01316795	1.05630946
-0.58653700	-0.01437236	1.05630863
-0.58672035	-0.01531366	1.05630755
-0.58536977	-0.01749437	1.05630279
-0.58620363	-0.01856054	1.05630219
-0.58498710	-0.01964302	1.05629921
-0.58467203	-0.02052327	1.05629754
-0.58457965	-0.02149121	1.05629611
-0.58438617	-0.02315067	1.05629349
-0.58379966	-0.02391118	1.05629170
-0.58438158	-0.02473554	1.05629110
-0.58452684	-0.02566089	1.05628991
-0.58322644	-0.02741863	1.05628586
-0.58279204	-0.02824296	1.05628419
-0.58330208	-0.02888907	1.05628383
-0.58321923	-0.02971873	1.05628252
-0.58267170	-0.03064959	1.05628061
-0.58223313	-0.03162023	1.05627871
-0.58280498	-0.03242843	1.05627811
-0.58343560	-0.03369937	1.05627692
-0.58289623	-0.03433761	1.05627549
-0.58307958	-0.03527893	1.05627429
-0.58373749	-0.03613520	1.05627370
-0.58356941	-0.03707112	1.05627215
-0.58386683	-0.03806031	1.05627108
-0.58408821	-0.03901755	1.05626988
-0.58363658	-0.04027274	1.05626762
-0.58310211	-0.04091910	1.05626607
-0.58344179	-0.04177786	1.05626523
-0.58341253	-0.04306221	1.05626333
-0.58327824	-0.04416047	1.05626154
-0.58407432	-0.04521067	1.05626094
-0.58384156	-0.04669984	1.05625844
-0.58269417	-0.04867579	1.05625427
-0.58356613	-0.04975794	1.05625367
-0.58337158	-0.05126297	1.05625129
-0.58399498	-0.05339554	1.05624890
-0.58354348	-0.05465072	1.05624652
-0.58379376	-0.05576212	1.05624521
-0.58368409	-0.05716095	1.05624294
-0.58459443	-0.05825898	1.05624247
-0.58377123	-0.05921645	1.05624008
-0.58488721	-0.06083302	1.05623901
-0.58425844	-0.06172392	1.05623698
-0.58364785	-0.06377681	1.05623329
-0.58415788	-0.06442295	1.05623293
-0.58405256	-0.06567538	1.05623102
-0.58366108	-0.06652374	1.05622935
-0.58346653	-0.06802882	1.05622685
-0.58293211	-0.06867518	1.05622530
-0.58333194	-0.07056561	1.05622303
-0.58279353	-0.07135823	1.05622125
-0.58351320	-0.07237660	1.05622065
-0.58311296	-0.07336313	1.05621874
-0.58325833	-0.07428850	1.05621755
-0.58402038	-0.07517642	1.05621707
-0.58431089	-0.07702715	1.05621469
-0.58369130	-0.07777984	1.05621290
-0.58445162	-0.07953740	1.05621123
-0.58440214	-0.08196785	1.05620766
-0.58438188	-0.08311397	1.05620587
-0.58445364	-0.08473068	1.05620360
-0.58437079	-0.08556032	1.05620229
-0.58472180	-0.08700420	1.05620062
-0.58479327	-0.08862098	1.05619836
-0.58490050	-0.08953037	1.05619717
-0.58494961	-0.09156995	1.05619419
-0.58562469	-0.09343380	1.05619228
-0.58528692	-0.09473691	1.05619001
-0.58594000	-0.09558508	1.05618942
-0.58575463	-0.09695191	1.05618727
-0.58620816	-0.09785857	1.05618644
-0.58566481	-0.09864306	1.05618465
-0.58585727	-0.09944616	1.05618370
-0.58649182	-0.10057084	1.05618274
-0.58585912	-0.10160803	1.05618060
-0.58555943	-0.10292703	1.05617833
-0.58597517	-0.10381774	1.05617750
-0.58651417	-0.10461801	1.05617690
-0.58705539	-0.10614164	1.05617535
-0.58775944	-0.10672122	1.05617523
-0.58829385	-0.10910636	1.05617237
-0.58858442	-0.11095708	1.05616999
-0.58888185	-0.11194626	1.05616891
-0.58865166	-0.11415870	1.05616534
-0.58987916	-0.11509980	1.05616546
-0.58933556	-0.11588439	1.05616367
-0.59033751	-0.11745310	1.05616248
-0.58956820	-0.11886520	1.05615950
-0.59032601	-0.11989949	1.05615890
-0.59060097	-0.12131146	1.05615711
-0.59078431	-0.12225276	1.05615592
-0.59162074	-0.12404223	1.05615425
-0.59056509	-0.12648880	1.05614960
-0.59196037	-0.12793252	1.05614901
-0.59232694	-0.12981509	1.05614662
-0.59189093	-0.13150904	1.05614376
-0.59257483	-0.13323471	1.05614197
-0.59303319	-0.13558803	1.05613899
-0.59188586	-0.13756397	1.05613482
-0.59234881	-0.13833235	1.05613422
-0.59275115	-0.13950759	1.05613303
-0.59297258	-0.14046481	1.05613184
-0.59277773	-0.14196998	1.05612946
-0.59296107	-0.14291129	1.05612826
-0.59235281	-0.14568749	1.05612350
-0.59211993	-0.14717668	1.05612111
-0.59151840	-0.14909136	1.05611765
-0.59158301	-0.15156969	1.05611408
-0.59118277	-0.15255626	1.05611217
-0.59206808	-0.15335381	1.05611205
-0.59029675	-0.15766722	1.05610371
-0.59095597	-0.15909243	1.05610240
-0.59132266	-0.16097504	1.05610001
-0.59135389	-0.16185254	1.05609882
-0.59121954	-0.16295083	1.05609703
-0.58977926	-0.16682272	1.05608976
-0.58967614	-0.16879845	1.05608678
-0.58964682	-0.17008287	1.05608487
-0.58922637	-0.17221548	1.05608130
-0.58908528	-0.17417534	1.05607831
-0.58855039	-0.17626020	1.05607462
-0.58868879	-0.17804711	1.05607224
-0.58804923	-0.17994581	1.05606866
-0.58829957	-0.18105729	1.05606735
-0.58812726	-0.18213958	1.05606556
-0.58691943	-0.18452244	1.05606079
-0.58720773	-0.18564981	1.05605936
-0.58697498	-0.18713893	1.05605698
-0.58666176	-0.19018102	1.05605221
-0.58577156	-0.19240689	1.05604792
-0.58516061	-0.19445986	1.05604422
-0.58524549	-0.19579205	1.05604243
-0.58471096	-0.19787686	1.05603874
-0.58438647	-0.19889541	1.05603695
-0.58274001	-0.20224884	1.05603015
-0.58125955	-0.20538148	1.05602396
-0.58042943	-0.20720051	1.05602038
-0.57669610	-0.21415468	1.05600595
-0.57633364	-0.21515726	1.05600417
-0.57526016	-0.21644181	1.05600107
-0.57411051	-0.21769442	1.05599785
-0.57156074	-0.22052680	1.05599093
-0.57047158	-0.22137254	1.05598843
-0.56894398	-0.22318897	1.05598402
-0.56801313	-0.22467561	1.05598080
-0.56642497	-0.22689886	1.05597579
-0.56570715	-0.22804241	1.05597329
-0.56401169	-0.22935629	1.05596948
-0.56283975	-0.23103176	1.05596578
-0.56123590	-0.23281623	1.05596137
-0.55924535	-0.23386428	1.05595756
-0.55640912	-0.23773110	1.05594873
-0.55512291	-0.23935866	1.05594492
-0.55385053	-0.23926312	1.05594361
-0.55333585	-0.24020188	1.05594170
-0.55157346	-0.24134563	1.05593801
-0.54928076	-0.24442787	1.05593097
-0.54763907	-0.24619646	1.05592656
-0.54674691	-0.24626045	1.05592537
-0.54594660	-0.24679506	1.05592370
-0.54530871	-0.24782415	1.05592155
-0.54387009	-0.24938804	1.05591762
-0.54292667	-0.24972063	1.05591607
-0.54187304	-0.25129756	1.05591261
-0.54080635	-0.25172052	1.05591083
-0.54030979	-0.25238281	1.05590928
-0.53906602	-0.25388002	1.05590570
-0.53720510	-0.25541469	1.05590129
-0.53588092	-0.25702628	1.05589747
-0.53532833	-0.25794911	1.05589557
-0.53450316	-0.25818324	1.05589426
-0.53344959	-0.25832170	1.05589283
-0.53276968	-0.25948113	1.05589044
-0.53161138	-0.25943348	1.05588913
-0.53079242	-0.26024461	1.05588710
-0.52964288	-0.26149720	1.05588400
-0.52753818	-0.26249745	1.05588007
-0.52666855	-0.26213861	1.05587971
-0.52580476	-0.26379535	1.05587626
-0.52413177	-0.26468644	1.05587304
-0.52243638	-0.26600036	1.05586922
-0.51994014	-0.26928735	1.05586171
-0.51876819	-0.27096277	1.05585790
-0.51795441	-0.27178198	1.05585575
-0.51599234	-0.27442276	1.05584967
-0.51328117	-0.28036100	1.05583799
-0.51169986	-0.28172278	1.05583429
-0.50868708	-0.28378671	1.05582786
-0.50740093	-0.28541428	1.05582404
-0.50524676	-0.28884494	1.05581653
-0.50355166	-0.29015878	1.05581272
-0.50194794	-0.29194334	1.05580831
-0.43302304	-0.45064136	1.05549920
-0.43443283	-0.45195484	1.05549884
-0.43388247	-0.45360094	1.05549586
-0.43602693	-0.45477861	1.05549645
-0.43512586	-0.45801225	1.05549073
-0.43534717	-0.45896956	1.05548966
-0.43638456	-0.45983088	1.05548954
-0.43555480	-0.46164989	1.05548596
-0.43592834	-0.46267092	1.05548489
-0.43642914	-0.46345529	1.05548429
-0.43681595	-0.46419182	1.05548370
-0.43706164	-0.46688813	1.05548000
-0.43714646	-0.46822035	1.05547810
-0.43781736	-0.47023058	1.05547595
-0.43751776	-0.47154957	1.05547369
-0.43826011	-0.47214502	1.05547369
-0.43777961	-0.47324601	1.05547154
-0.43810573	-0.47438946	1.05547023
-0.43800038	-0.47564182	1.05546832
-0.43725592	-0.47735456	1.05546498
-0.43788409	-0.47790220	1.05546486
-0.43773660	-0.47928497	1.05546260
-0.43830436	-0.48023951	1.05546188
-0.43904266	-0.48098129	1.05546165
-0.43940926	-0.48286390	1.05545926
-0.43952528	-0.48507357	1.05545616
-0.43955645	-0.48595119	1.05545497
-0.43928576	-0.48742434	1.05545247
-0.43979579	-0.48807049	1.05545211
-0.43950027	-0.48924312	1.05545008
-0.44020051	-0.48996899	1.05544984
-0.43955797	-0.49258304	1.05544531
-0.43919566	-0.49358556	1.05544341
-0.44088888	-0.49457982	1.05544388
-0.44107220	-0.49552110	1.05544269
-0.44155294	-0.49745160	1.05544043
-0.44188157	-0.49931824	1.05543804
-0.44187468	-0.50017989	1.05543685
-0.44166431	-0.50124609	1.05543506
-0.44177157	-0.50215554	1.05543387
-0.44239756	-0.50501144	1.05543029
-0.44293889	-0.50653493	1.05542874
-0.44307727	-0.50832188	1.05542624
-0.44267687	-0.50930846	1.05542433
-0.44364962	-0.51072299	1.05542338
-0.44351554	-0.51182127	1.05542171
-0.44291791	-0.51358968	1.05541837
-0.44377217	-0.51654124	1.05541503
-0.44375217	-0.51768726	1.05541337
-0.44357073	-0.51890779	1.05541134
-0.44427097	-0.51963371	1.05541110
-0.44465321	-0.52195513	1.05540812
-0.44473112	-0.52414876	1.05540502
-0.44428566	-0.52598095	1.05540192
-0.44490993	-0.52667499	1.05540156
-0.44502589	-0.52888477	1.05539846
-0.44677266	-0.53033364	1.05539834
-0.44610149	-0.53279340	1.05539393
-0.44689110	-0.53326666	1.05539417
-0.44649053	-0.53425336	1.05539227
-0.44755518	-0.53613853	1.05539072
-0.44737601	-0.53808230	1.05538762
-0.44706723	-0.53953946	1.05538523
-0.44779623	-0.54041958	1.05538476
-0.44765526	-0.54237944	1.05538177
-0.44776243	-0.54328883	1.05538046
-0.44744450	-0.54488432	1.05537784
-0.44783124	-0.54562086	1.05537713
-0.44801065	-0.54670835	1.05537581
-0.44834608	-0.54771352	1.05537474
-0.44805440	-0.54873991	1.05537283
-0.44803035	-0.55003226	1.05537093
-0.44783574	-0.55153733	1.05536854
-0.44837457	-0.55233783	1.05536795
-0.44906792	-0.55392516	1.05536640
-0.44926679	-0.55530524	1.05536461
-0.44960228	-0.55631030	1.05536354
-0.44990847	-0.55859989	1.05536056
-0.45016783	-0.55957305	1.05535948
-0.44980547	-0.56057554	1.05535758
-0.44991270	-0.56148499	1.05535638
-0.44985443	-0.56261510	1.05535460
-0.44898179	-0.56744164	1.05534661
-0.44969520	-0.56788290	1.05534673
-0.45035931	-0.57075465	1.05534339
-0.45050007	-0.57326484	1.05533981
-0.44966111	-0.57522202	1.05533600
-0.44962716	-0.57809132	1.05533183
-0.44874582	-0.58161747	1.05532563
-0.44979015	-0.58464861	1.05532241
-0.44934714	-0.58720434	1.05531824
-0.44902289	-0.58822268	1.05531633
-0.44795790	-0.59080756	1.05531132
-0.44847670	-0.59275401	1.05530906
-0.44757742	-0.59511811	1.05530465
-0.44615921	-0.59856725	1.05529797
-0.44524655	-0.60121590	1.05529308
-0.42305508	-0.65369189	1.05519152
-0.42345220	-0.65485907	1.05519032
-0.42460367	-0.65535367	1.05519092
-0.42571303	-0.65639341	1.05519056
-0.42526770	-0.65822542	1.05518746
-0.42601231	-0.65954423	1.05518639
-0.42765373	-0.66224569	1.05518425
-0.42851248	-0.66361237	1.05518317
-0.42815012	-0.66461492	1.05518138
-0.42868453	-0.66700006	1.05517852
-0.42848977	-0.66850519	1.05517602
-0.42871979	-0.67076284	1.05517304
-0.42941633	-0.67204952	1.05517197
-0.42980304	-0.67278612	1.05517125
-0.43119195	-0.67365277	1.05517161
-0.43154538	-0.67581987	1.05516887
-0.43169069	-0.67674530	1.05516768
-0.43187398	-0.67768663	1.05516648
-0.43249917	-0.67853475	1.05516589
-0.43390143	-0.67911702	1.05516660
-0.43584478	-0.68122268	1.05516577
-0.43631867	-0.68401468	1.05516219
-0.43740559	-0.68547714	1.05516136
-0.43769619	-0.68732780	1.05515897
-0.43811646	-0.68966514	1.05515599
-0.43765554	-0.69105858	1.05515349
-0.43984959	-0.69283724	1.05515337
-0.44020936	-0.69558132	1.05514967
-0.44201854	-0.69878542	1.05514705
-0.44200721	-0.70123178	1.05514348
-0.44019035	-0.70479786	1.05513620
-0.44154361	-0.70637202	1.05513549
-0.44114313	-0.70735848	1.05513358
-0.44215411	-0.70878899	1.05513263
-0.44267967	-0.70987380	1.05513167
-0.44302395	-0.71217930	1.05512869
-0.44266140	-0.71318191	1.05512679
-0.44292086	-0.71415508	1.05512571
-0.44377971	-0.71552169	1.05512464
-0.44376820	-0.71796811	1.05512106
-0.44384855	-0.72088516	1.05511689
-0.44383723	-0.72333157	1.05511332
-0.44407418	-0.72472751	1.05511153
-0.44295990	-0.72974288	1.05510294
-0.44333342	-0.73076391	1.05510187
-0.44304693	-0.73179841	1.05510008
-0.44304013	-0.73266000	1.05509877
-0.44180763	-0.73474216	1.05509436
-0.44306228	-0.73670721	1.05509293
-0.44291887	-0.73794371	1.05509090
-0.44310465	-0.73960829	1.05508876
-0.44344008	-0.74061334	1.05508757
-0.44277576	-0.74221170	1.05508459
-0.44218051	-0.74470317	1.05508018
-0.44265905	-0.74591047	1.05507898
-0.44233698	-0.74765229	1.05507612
-0.44086236	-0.75136203	1.05506909
-0.44236773	-0.75299978	1.05506837
-0.44294026	-0.75540090	1.05506551
-0.44270056	-0.75775170	1.05506182
-0.44307393	-0.75877273	1.05506074
-0.44231117	-0.76076186	1.05505693
-0.44164678	-0.76236010	1.05505383
-0.44239840	-0.76281732	1.05505407
-0.43979916	-0.76808017	1.05504346
-0.43939856	-0.76906669	1.05504155
-0.43884820	-0.77071273	1.05503857
-0.43817711	-0.77317274	1.05503416
-0.43493566	-0.77961081	1.05502117
-0.43462068	-0.78049123	1.05501950
-0.43404800	-0.78256011	1.05501580
-0.43298307	-0.78514487	1.05501080
-0.43201670	-0.78733885	1.05500662
-0.42447174	-0.80352348	1.05497444
-0.42363283	-0.80548078	1.05497062
-0.42345369	-0.80742455	1.05496764
-0.41368133	-0.82326126	1.05493355
