//X	Y	Z
-1.58173203	1.04097307	1.05551255
-1.58600509	1.03445876	1.05547535
-1.58976269	0.99329406	1.05531144
-1.58890128	0.98925275	1.05529904
-1.58866334	0.98122984	1.05527008
-1.58856070	0.97728992	1.05525589
-1.58714342	0.97671950	1.05525804
-1.58547115	0.97485381	1.05525625
-1.58523870	0.97294182	1.05524993
-1.58446193	0.96980715	1.05524063
-1.58378625	0.96792078	1.05523574
-1.58392394	0.96575063	1.05522728
-1.58543921	0.95386577	1.05517864
-1.58523464	0.94822705	1.05515838
-1.58588636	0.94204533	1.05513346
-1.58974528	0.91116297	1.05500734
-1.58742166	0.90814602	1.05500317
-1.58441782	0.89937347	1.05497992
-1.58243036	0.89800614	1.05498087
-1.58067226	0.89728421	1.05498362
-1.58001900	0.88771194	1.05495012
-1.57637167	0.88730526	1.05495977
-1.57614839	0.88400084	1.05494821
-1.57508826	0.88114595	1.05494094
-1.57325542	0.87857538	1.05493701
-1.57212520	0.87541497	1.05492866
-1.57011306	0.87322319	1.05492675
-1.56923819	0.86196256	1.05488777
-1.56884909	0.85873663	1.05487692
-1.56757772	0.85477817	1.05486619
-1.56392312	0.85308832	1.05487108
-1.56311107	0.85132146	1.05486703
-1.56198287	0.85121429	1.05487001
-1.56080079	0.84934425	1.05486679
-1.55824351	0.84547925	1.05486023
-1.55747485	0.84282792	1.05485272
-1.55681551	0.84190810	1.05485141
-1.55592752	0.83971781	1.05484593
-1.55444741	0.83717304	1.05484104
-1.55330896	0.83352911	1.05483103
-1.55165863	0.83184659	1.05482984
-1.54971445	0.82959509	1.05482745
-1.54819930	0.82904333	1.05483007
-1.54671967	0.82649869	1.05482519
-1.54479218	0.82458836	1.05482399
-1.54224658	0.82354939	1.05482793
-1.54119158	0.82331347	1.05483019
-1.54031074	0.82178104	1.05482721
-1.53801692	0.82077050	1.05483055
-1.53805304	0.81860286	1.05482233
-1.53762817	0.81629407	1.05481517
-1.53641713	0.81286842	1.05480611
-1.53502655	0.81044686	1.05480146
-1.53309953	0.80853671	1.05480027
-1.53125298	0.80689156	1.05479980
-1.52929556	0.80556554	1.05480087
-1.52771282	0.80382299	1.05479920
-1.52471137	0.80356050	1.05480742
-1.52388620	0.80271935	1.05480683
-1.52393413	0.80105138	1.05480051
-1.52387130	0.79970223	1.05479574
-1.52201188	0.79835755	1.05479634
-1.52114844	0.79699177	1.05479395
-1.51993513	0.79686701	1.05479717
-1.51870203	0.79450887	1.05479228
-1.51697493	0.79302812	1.05479205
-1.51696706	0.79191959	1.05478799
-1.51619315	0.79067713	1.05478573
-1.51541924	0.78943467	1.05478346
-1.51426220	0.78812522	1.05478215
-1.51239014	0.78753138	1.05478573
-1.51217735	0.78615165	1.05478120
-1.51073110	0.78536546	1.05478275
-1.50829220	0.78354061	1.05478346
-1.50696421	0.78309333	1.05478585
-1.50592184	0.78210634	1.05478537
-1.50321507	0.78098774	1.05478942
-1.50224662	0.77898306	1.05478501
-1.50162160	0.77794588	1.05478311
-1.50129879	0.77671063	1.05477953
-1.49909806	0.77646494	1.05478525
-1.49836504	0.77531230	1.05478323
-1.49778032	0.77319986	1.05477726
-1.49618924	0.77222478	1.05477846
-1.49579704	0.77122372	1.05477595
-1.49386120	0.76945549	1.05477536
-1.49225664	0.76770455	1.05477381
-1.49164021	0.76652551	1.05477130
-1.49067903	0.76517856	1.05476928
-1.48971272	0.76461524	1.05477011
-1.48858631	0.76379770	1.05477047
-1.48762786	0.76264161	1.05476916
-1.48601162	0.76120305	1.05476880
-1.48567700	0.76018274	1.05476594
-1.48567688	0.75884283	1.05476105
-1.48515832	0.75764507	1.05475819
-1.48473430	0.75516158	1.05475032
-1.48305392	0.75477779	1.05475402
-1.48266280	0.75226235	1.05474591
-1.48172307	0.75109863	1.05474448
-1.48179328	0.74773782	1.05473173
-1.48037279	0.74590051	1.05472934
-1.48049259	0.74481422	1.05472493
-1.47925103	0.74259800	1.05472052
-1.47863495	0.74079376	1.05471575
-1.47809803	0.73656261	1.05470169
-1.47695827	0.73434395	1.05469692
-1.47675920	0.73311472	1.05469298
-1.47653937	0.73045164	1.05468380
-1.47674501	0.72884709	1.05467725
-1.47583067	0.72725731	1.05467415
-1.47588360	0.72480577	1.05466485
-1.47470856	0.72458005	1.05466759
-1.47437418	0.72221994	1.05465996
-1.47365999	0.72043437	1.05465543
-1.47258770	0.71940643	1.05465496
-1.47206104	0.71772528	1.05465031
-1.47172666	0.71473986	1.05464029
-1.47148502	0.71314430	1.05463517
-1.47090042	0.70870537	1.05462050
-1.46970558	0.70687163	1.05461729
-1.46865857	0.70604312	1.05461740
-1.46835113	0.70120656	1.05460048
-1.46814108	0.69697648	1.05458546
-1.46674907	0.69660550	1.05458832
-1.46643090	0.69521177	1.05458415
-1.46630025	0.69329733	1.05457747
-1.46554792	0.69161272	1.05457354
-1.46545565	0.68959731	1.05456638
-1.46630239	0.68462867	1.05454540
-1.46282446	0.67834151	1.05453265
-1.46102667	0.67377782	1.05452132
-1.46014154	0.67177832	1.05451655
-1.46028316	0.66962463	1.05450821
-1.46059382	0.66391671	1.05448604
-1.45997417	0.66147089	1.05447888
-1.46042705	0.65880227	1.05446768
-1.46050537	0.65655011	1.05445910
-1.45982969	0.65466368	1.05445409
-1.46054780	0.65047252	1.05443645
-1.46061778	0.64773697	1.05442607
-1.46084535	0.64506489	1.05441546
-1.46129000	0.64253843	1.05440474
-1.46105313	0.64015931	1.05439663
-1.46861136	0.60302550	1.05423605
-1.46774828	0.60165989	1.05423367
-1.46597302	0.60122186	1.05423748
-1.46678090	0.59652877	1.05421758
-1.46581650	0.59328973	1.05420852
-1.46525085	0.58651632	1.05418515
-1.46489406	0.57940537	1.05415988
-1.46423960	0.57770193	1.05415559
-1.46166873	0.57646358	1.05415893
-1.46178997	0.57395226	1.05414927
-1.46021569	0.57269311	1.05414939
-1.45914340	0.57166517	1.05414879
-1.45914543	0.56898963	1.05413890
-1.45815444	0.56760156	1.05413675
-1.45728278	0.56575257	1.05413258
-1.45627034	0.56480682	1.05413222
-1.45270395	0.56233883	1.05413401
-1.45077586	0.56167912	1.05413735
-1.45133686	0.55742472	1.05411994
-1.44973254	0.55612445	1.05412006
-1.44936335	0.55450684	1.05411518
-1.44920242	0.55317652	1.05411077
-1.44835281	0.55026007	1.05410254
-1.44762540	0.54939997	1.05410159
-1.44666922	0.54664421	1.05409431
-1.44640267	0.54484946	1.05408847
-1.44454312	0.54350471	1.05408919
-1.44370484	0.54233837	1.05408740
-1.44397831	0.54129910	1.05408263
-1.44388568	0.53990912	1.05407786
-1.44329071	0.53828782	1.05407369
-1.44224858	0.53667569	1.05407083
-1.44215596	0.53528571	1.05406594
-1.44362557	0.52821147	1.05403531
-1.44315827	0.52661252	1.05403078
-1.44330144	0.52303362	1.05401707
-1.44153965	0.52166992	1.05401742
-1.43851018	0.51931614	1.05401802
-1.43641174	0.51826787	1.05402052
-1.43655777	0.51658112	1.05401385
-1.43446815	0.51539111	1.05401576
-1.43340898	0.51406288	1.05401409
-1.43333483	0.51033837	1.05400050
-1.43302560	0.50817758	1.05399346
-1.43241930	0.50480616	1.05398285
-1.43142319	0.50420177	1.05398369
-1.43177319	0.50296068	1.05397797
-1.43268180	0.50076634	1.05396712
-1.43346798	0.49651533	1.05394888
-1.43207264	0.49487740	1.05394709
-1.43251240	0.49313447	1.05393934
-1.43319547	0.49031106	1.05392683
-1.43459034	0.48675600	1.05390930
-1.43434846	0.48516047	1.05390418
-1.43506479	0.48364514	1.05389643
-1.43379092	0.47887057	1.05388260
-1.42852199	0.47637165	1.05388939
-1.42741156	0.47544464	1.05388939
-1.42426252	0.47355169	1.05389202
-1.42287552	0.47177178	1.05388963
-1.42283416	0.46998051	1.05388308
-1.42217493	0.46906063	1.05388176
-1.42210352	0.46785364	1.05387747
-1.42215157	0.46618560	1.05387115
-1.42024934	0.46447471	1.05387068
-1.42050624	0.46309420	1.05386472
-1.49191439	0.30575180	1.05306387
-1.49337995	0.30402893	1.05305302
-1.49426210	0.30306035	1.05304670
-1.49606359	0.30227256	1.05303836
-1.49801123	0.29979801	1.05302322
-1.50061929	0.29636768	1.05300248
-1.50173986	0.29510230	1.05299437
-1.50304031	0.29220754	1.05297971
-1.50516486	0.29202980	1.05297256
-1.50642133	0.29127002	1.05296588
-1.50743103	0.29032367	1.05295932
-1.51199436	0.29089502	1.05294752
-1.51420581	0.28832316	1.05293119
-1.51622808	0.28832251	1.05292499
-1.52244854	0.28192425	1.05288231
-1.53627014	0.26649782	1.05278301
-1.54199052	0.26301086	1.05275261
-1.54525614	0.26317608	1.05274320
-1.54981744	0.24217519	1.05265152
-1.55221355	0.23719038	1.05262578
-1.55614686	0.22569689	1.05257118
-1.55902982	0.22516991	1.05256045
-1.55930364	0.22288017	1.05255103
-1.56091809	0.22136272	1.05254054
-1.56126010	0.21963842	1.05253315
-1.56170130	0.21584491	1.05251765
-1.56156075	0.20368636	1.05247307
-1.56299639	0.20254776	1.05246449
-1.56389987	0.20113681	1.05245650
-1.56451559	0.19712286	1.05243981
-1.56541121	0.19522864	1.05243003
-1.56537008	0.19281210	1.05242121
-1.56717181	0.19202445	1.05241275
-1.56737792	0.18916929	1.05240154
-1.56759179	0.18742262	1.05239439
-1.56803131	0.18630488	1.05238891
-1.56894708	0.18539359	1.05238283
-1.56913102	0.18423118	1.05237794
-1.57026327	0.18409064	1.05237389
-1.57144392	0.18228218	1.05236363
-1.57207906	0.18112683	1.05235744
-1.57236087	0.17994578	1.05235219
-1.57311523	0.17832939	1.05234385
-1.57348776	0.17647167	1.05233586
-1.57444179	0.17545943	1.05232918
-1.57591975	0.17468689	1.05232179
-1.57656813	0.17323138	1.05231440
-1.57804191	0.17199194	1.05230534
-1.57866883	0.17035331	1.05229735
-1.57990575	0.16736008	1.05228257
-1.57991958	0.16580932	1.05227673
-1.58115923	0.16470818	1.05226886
-1.58136356	0.16282746	1.05226123
-1.58284712	0.16234739	1.05225492
-1.58439386	0.16026454	1.05224252
-1.58515978	0.15869702	1.05223441
-1.58578658	0.15705842	1.05222642
-1.58694530	0.15631749	1.05222011
-1.58745742	0.15498154	1.05221355
-1.58846259	0.15419357	1.05220759
-1.58925509	0.15310164	1.05220115
-1.58973730	0.15172473	1.05219460
-1.59038556	0.15026915	1.05218720
-1.59102905	0.14897186	1.05218041
-1.59166050	0.14780030	1.05217421
-1.59266639	0.14621234	1.05216527
-1.59319949	0.14460883	1.05215764
-1.59440529	0.14407563	1.05215204
-1.59521854	0.14334142	1.05214679
-1.59571731	0.14230573	1.05214143
-1.59772861	0.13992971	1.05212653
-1.59803331	0.13688117	1.05211425
-1.59909332	0.13633358	1.05210900
-1.59989905	0.13494140	1.05210137
-1.60024047	0.13384232	1.05209625
-1.60095680	0.13232699	1.05208850
-1.60105574	0.12980711	1.05207884
-1.60221875	0.12953308	1.05207431
-1.60267973	0.12797311	1.05206704
-1.60334098	0.12621737	1.05205858
-1.60423672	0.12369788	1.05204654
-1.60433984	0.12227026	1.05204093
-1.60506952	0.11982936	1.05202961
-1.60588300	0.11846989	1.05202210
-1.60659921	0.11695454	1.05201435
-1.60748065	0.11553511	1.05200636
-1.60794187	0.11334985	1.05199683
-1.60831332	0.11166659	1.05198944
-1.60865521	0.10994238	1.05198205
-1.60915422	0.10890669	1.05197668
-1.60949588	0.10718241	1.05196929
-1.61065996	0.10440731	1.05195546
-1.61148489	0.10283270	1.05194712
-1.61220109	0.10131735	1.05193925
-1.61273825	0.10018083	1.05193341
-1.61333013	0.09883413	1.05192661
-1.61434519	0.09755483	1.05191875
-1.61478436	0.09643698	1.05191326
-1.61523342	0.09267625	1.05189800
-1.61547458	0.08845329	1.05188167
-1.61604166	0.08735782	1.05187583
-1.61657882	0.08622128	1.05186999
-1.61757708	0.08182356	1.05185068
-1.61982358	0.07788393	1.05182922
-1.62137592	0.04504064	1.05170286
-1.62187207	0.04211301	1.05169046
-1.62262654	0.04049665	1.05168211
-1.62324715	0.03569913	1.05166245
-1.62364042	0.03357372	1.05165339
-1.62490094	0.02683723	1.05162466
-1.62540030	0.02517644	1.05161691
-1.62548637	0.02403277	1.05161250
-1.62644160	0.02159536	1.05160046
-1.62658763	0.01990864	1.05159378
-1.62767518	0.01089174	1.05155706
-1.62842989	-0.00316110	1.05150270
-1.62852466	-0.00444669	1.05149770
-1.62852359	-0.00901455	1.05148077
-1.62827778	-0.01706994	1.05145168
-1.62775111	-0.01875106	1.05144703
-1.62684345	-0.02379999	1.05143118
-1.62671828	-0.02712324	1.05141926
-1.62654090	-0.02942014	1.05141127
-1.62651336	-0.03276208	1.05139899
-1.62692213	-0.03911412	1.05137420
-1.62700558	-0.04277512	1.05136037
-1.62704062	-0.04414287	1.05135524
-1.62683082	-0.04837289	1.05134022
-1.62640166	-0.04944748	1.05133748
-1.62621129	-0.05144414	1.05133069
-1.62646747	-0.05801761	1.05130553
-1.64012194	-0.22968930	1.05062807
-1.64347064	-0.23318532	1.05060482
-1.64431465	-0.23467833	1.05059671
-1.64516687	-0.23568809	1.05059040
-1.64590478	-0.23764557	1.05058086
-1.64646363	-0.23922443	1.05057335
-1.64774120	-0.24087706	1.05056334
-1.64795542	-0.24262369	1.05055618
-1.64854932	-0.24619550	1.05054116
-1.64865243	-0.24762300	1.05053556
-1.64990056	-0.24824077	1.05052948
-1.65003836	-0.25041088	1.05052102
-1.65265262	-0.25068226	1.05051196
-1.65315187	-0.25234321	1.05050433
-1.65470243	-0.25915217	1.05047441
-1.65561938	-0.26148865	1.05046296
-1.65590620	-0.26345336	1.05045474
-1.65692055	-0.26518330	1.05044520
-1.65761566	-0.26688167	1.05043685
-1.65922129	-0.26870787	1.05042517
-1.65965319	-0.27048355	1.05041730
-1.66022885	-0.27172089	1.05041099
-1.66098297	-0.27271196	1.05040491
-1.66108704	-0.27431411	1.05039871
-1.66279817	-0.27505055	1.05039072
-1.66372001	-0.27584392	1.05038500
-1.66547060	-0.27685574	1.05037594
-1.66714525	-0.27891630	1.05036318
-1.66770387	-0.28049502	1.05035555
-1.66826797	-0.28348273	1.05034280
-1.66872907	-0.28504267	1.05033565
-1.66942596	-0.29111797	1.05031097
-1.66987848	-0.29316133	1.05030203
-1.67090487	-0.29376638	1.05029666
-1.67214513	-0.29549280	1.05028653
-1.67413139	-0.29869339	1.05026853
-1.67533362	-0.30094409	1.05025661
-1.67598724	-0.30443376	1.05024159
-1.67762053	-0.30828556	1.05022240
-1.67868471	-0.30836627	1.05021882
-1.67956662	-0.30933493	1.05021250
-1.68001950	-0.31137821	1.05020356
-1.68023944	-0.31408292	1.05019295
-1.68228352	-0.31515104	1.05018270
-1.68308640	-0.31906065	1.05016577
-1.68476033	-0.31987065	1.05015767
-1.68607688	-0.32117358	1.05014884
-1.68725228	-0.32864210	1.05011761
-1.68741512	-0.32998753	1.05011213
-1.68831825	-0.33077320	1.05010641
-1.68931973	-0.33220285	1.05009806
-1.68982708	-0.33338046	1.05009210
-1.69143820	-0.33553955	1.05007923
-1.69157958	-0.33706793	1.05007315
-1.69379103	-0.33901447	1.05005920
-1.69456697	-0.34107304	1.05004919
-1.69619298	-0.35202628	1.05000365
-1.69679427	-0.35323897	1.04999733
-1.69727027	-0.35473379	1.04999030
-1.69753242	-0.35582185	1.04998553
-1.69884038	-0.35698286	1.04997718
-1.69930959	-0.35805950	1.04997182
-1.69950211	-0.35936385	1.04996634
-1.69999301	-0.36150795	1.04995692
-1.70022249	-0.36318946	1.04995000
-1.70150113	-0.36394081	1.04994333
-1.70326018	-0.36509448	1.04993367
-1.70489633	-0.36705425	1.04992139
-1.70549846	-0.36951742	1.04991043
-1.70761776	-0.37472993	1.04988468
-1.70858622	-0.37746751	1.04987156
-1.70909166	-0.38071173	1.04985797
-1.71003795	-0.38238195	1.04984891
-1.71131110	-0.38280037	1.04984343
-1.71198189	-0.38657385	1.04982746
-1.71251905	-0.38771036	1.04982162
-1.71296310	-0.38898650	1.04981554
-1.71413016	-0.38986951	1.04980874
-1.71438026	-0.39208245	1.04979968
-1.71609485	-0.39262784	1.04979253
-1.71663213	-0.39376441	1.04978657
-1.71719098	-0.39534324	1.04977906
-1.71793699	-0.39681745	1.04977131
-1.71886528	-0.39740384	1.04976630
-1.71982527	-0.39999944	1.04975379
-1.72003913	-0.40112063	1.04974902
-1.72069597	-0.40334353	1.04973876
-1.72201729	-0.40542996	1.04972696
-1.72354829	-0.40910462	1.04970872
-1.72438407	-0.41108099	1.04969883
-1.72710907	-0.41167155	1.04968834
-1.72826838	-0.41366300	1.04967737
-1.73036957	-0.41609049	1.04966199
-1.73271108	-0.41719845	1.04965067
-1.73343539	-0.42297301	1.04962707
-1.73471069	-0.42606723	1.04961181
-1.73516822	-0.42889395	1.04959989
-1.73692727	-0.43004787	1.04959023
-1.73753452	-0.43329456	1.04957640
-1.74004245	-0.43403062	1.04956603
-1.74270105	-0.45656776	1.04947436
-1.74378371	-0.45835739	1.04946446
-1.74448133	-0.45923969	1.04945910
-1.74476314	-0.46042097	1.04945385
-1.74595523	-0.46047926	1.04944992
-1.74698639	-0.46186790	1.04944170
-1.74785137	-0.46255255	1.04943645
-1.74812508	-0.46421704	1.04942954
-1.74952638	-0.46523833	1.04942143
-1.75025070	-0.46627048	1.04941535
-1.75114286	-0.46943161	1.04940093
-1.75263834	-0.47111332	1.04939020
-1.75305331	-0.47430626	1.04937708
-1.75407588	-0.47492763	1.04937160
-1.75493312	-0.47734624	1.04936004
-1.75674510	-0.48095161	1.04934120
-1.75749958	-0.48194256	1.04933524
-1.75872636	-0.48274335	1.04932845
-1.75917435	-0.48400310	1.04932249
-1.76029491	-0.48526853	1.04931438
-1.76242900	-0.49990052	1.04925358
-1.76478481	-0.50148338	1.04924059
-1.76640749	-0.50251758	1.04923177
-1.76755834	-0.50436723	1.04922140
-1.77177000	-0.51231575	1.04917908
-1.77367496	-0.52696764	1.04911900
-1.77475262	-0.52797371	1.04911196
-1.77635074	-0.53045785	1.04909790
-1.77760935	-0.53389329	1.04908133
-1.78069234	-0.55349636	1.04899931
-1.78154957	-0.55591488	1.04898775
-1.78265917	-0.55955577	1.04897094
-1.78595877	-0.56532615	1.04893947
-1.78632212	-0.56749272	1.04893029
-1.79632425	-0.64304656	1.04861999
-1.78608704	-0.73781592	1.04830015
-1.78114128	-0.75214136	1.04826224
-1.76509047	-0.78862393	1.04817617
-1.75698340	-0.79934895	1.04816115
-1.72913432	-0.82827455	1.04813910
-1.70218158	-0.85452664	1.04812419
-1.69917369	-0.85732257	1.04812312
-1.69314420	-0.86198968	1.04812419
-1.64104199	-0.88064742	1.04821420
-1.63678026	-0.88079154	1.04822671
-1.63545346	-0.87667102	1.04824603
-1.63160753	-0.87481529	1.04826462
-1.62549806	-0.87455416	1.04828429
-1.61864901	-0.87627810	1.04829884
-1.61337805	-0.87610137	1.04831564
-1.61186624	-0.87538612	1.04832280
-1.61104393	-0.87433547	1.04832923
-1.60792780	-0.87492049	1.04833663
-1.60598171	-0.87449646	1.04834414
-1.60409546	-0.87399030	1.04835176
-1.59435618	-0.87629551	1.04837298
-1.58960056	-0.87618780	1.04838789
-1.58478522	-0.87616229	1.04840267
-1.58339286	-0.87590796	1.04840791
-1.57999468	-0.87468666	1.04842281
-1.57804871	-0.87426257	1.04843032
-1.57529974	-0.86992902	1.04845476
-1.57235217	-0.86807513	1.04847062
-1.56853330	-0.86807036	1.04848230
-1.56768918	-0.86657739	1.04849041
-1.56435907	-0.86541581	1.04850495
-1.56282830	-0.86174095	1.04852319
-1.55763066	-0.86303282	1.04853427
-1.55141783	-0.86134434	1.04855955
-1.54900789	-0.86062700	1.04856956
-1.54783022	-0.85692644	1.04858685
-1.54480660	-0.85612148	1.04859900
-1.54318357	-0.85446197	1.04861021
-1.54050779	-0.85097170	1.04863131
-1.53598595	-0.85100240	1.04864490
-1.53446364	-0.84746963	1.04866266
-1.53213501	-0.84773779	1.04866886
-1.52929854	-0.84620297	1.04868317
-1.52785492	-0.84554768	1.04868996
-1.52550721	-0.84285605	1.04870713
-1.52482927	-0.84144169	1.04871440
-1.52335811	-0.83768493	1.04873288
-1.52175713	-0.83771807	1.04873765
-1.52078509	-0.83562219	1.04874837
-1.51704276	-0.83581895	1.04875910
-1.51531363	-0.83524942	1.04876649
-1.51425278	-0.83390206	1.04877472
-1.51284695	-0.83272237	1.04878330
-1.51228809	-0.83114362	1.04879093
-1.51226938	-0.82880926	1.04879963
-1.51153147	-0.82685167	1.04880905
-1.51119804	-0.82464403	1.04881835
-1.51076651	-0.82241774	1.04882789
-1.50916553	-0.82182568	1.04883492
-1.50749612	-0.82117391	1.04884243
-1.50609028	-0.81999427	1.04885113
-1.50460863	-0.81986332	1.04885614
-1.50298548	-0.81882930	1.04886496
-1.50160146	-0.81809163	1.04887187
-1.49931383	-0.81594342	1.04888678
-1.50001407	-0.81260699	1.04889703
-1.49839973	-0.81171483	1.04890525
-1.49649978	-0.81028306	1.04891634
-1.49516177	-0.80853802	1.04892695
-1.49355018	-0.80512846	1.04894447
-1.49251819	-0.80248934	1.04895735
-1.49052954	-0.80180591	1.04896605
-1.48948157	-0.80075878	1.04897308
-1.48653448	-0.79953015	1.04898667
-1.48536730	-0.79864717	1.04899347
-1.48357344	-0.79675102	1.04900599
-1.48078847	-0.79561740	1.04901874
-1.47850072	-0.79346907	1.04903364
-1.47738004	-0.79220366	1.04904175
-1.47622156	-0.79146254	1.04904807
-1.47471797	-0.79088950	1.04905474
-1.47143912	-0.78950393	1.04906988
-1.46987581	-0.78838748	1.04907882
-1.46881461	-0.78704005	1.04908705
-1.46752834	-0.78632122	1.04909360
-1.46448350	-0.78507411	1.04910755
-1.46330297	-0.78326547	1.04911780
-1.46196485	-0.78152049	1.04912841
-1.46009505	-0.78067291	1.04913723
-1.46019077	-0.77676535	1.04915142
-1.45892584	-0.77648896	1.04915631
-1.45768571	-0.77476251	1.04916644
-1.45634806	-0.77364272	1.04917479
-1.45553482	-0.77290839	1.04917991
-1.45459342	-0.77202201	1.04918611
-1.45387268	-0.77097350	1.04919219
-1.45396626	-0.76975805	1.04919636
-1.45291853	-0.76933610	1.04920113
-1.45149136	-0.76833946	1.04920924
-1.45054531	-0.76729453	1.04921591
-1.44920850	-0.76697463	1.04922128
-1.44810104	-0.76600951	1.04922819
-1.44697142	-0.76505274	1.04923522
-1.44700539	-0.76391947	1.04923928
-1.44522905	-0.76355767	1.04924607
-1.44530106	-0.76189995	1.04925191
-1.44424844	-0.76069438	1.04925966
-1.43964911	-0.75972337	1.04927731
-1.43524957	-0.75707239	1.04930055
-1.43418837	-0.75572485	1.04930878
-1.43256569	-0.75469065	1.04931760
-1.43177104	-0.75092316	1.04933393
-1.43197060	-0.74924320	1.04933953
-1.43139040	-0.74784744	1.04934645
-1.43031693	-0.74745005	1.04935122
-1.42963970	-0.74621028	1.04935789
-1.42836165	-0.74500829	1.04936624
-1.42720318	-0.74426717	1.04937255
-1.42517018	-0.74144906	1.04938924
-1.42486596	-0.73857510	1.04940081
-1.42345214	-0.73787874	1.04940772
-1.42264891	-0.73334378	1.04942691
-1.42024708	-0.73214328	1.04943871
-1.41893899	-0.73098236	1.04944706
-1.41805232	-0.72985542	1.04945385
-1.41460228	-0.72894752	1.04946780
-1.41254497	-0.72757924	1.04947913
-1.41089225	-0.72658616	1.04948783
-1.41091204	-0.72435266	1.04949605
-1.40952778	-0.72361535	1.04950309
-1.40763283	-0.72296697	1.04951119
-1.40600181	-0.72241622	1.04951823
-1.39396214	-0.72012103	1.04956353
-1.39207578	-0.71961480	1.04957116
-1.39012134	-0.71904868	1.04957926
-1.38890290	-0.71838993	1.04958534
-1.38701653	-0.71788371	1.04959297
-1.38551319	-0.71731049	1.04959977
-1.38406956	-0.71665514	1.04960656
-1.38324237	-0.71544611	1.04961360
-1.38201582	-0.71464515	1.04962027
-1.38059783	-0.71396506	1.04962718
-1.37952435	-0.71356785	1.04963195
-1.37864614	-0.71258295	1.04963827
-1.37621164	-0.71223956	1.04964697
-1.37281346	-0.71101832	1.04966187
-1.37165475	-0.71027726	1.04966807
-1.36998534	-0.70962554	1.04967558
-1.36885500	-0.70849419	1.04968333
-1.36747074	-0.70775676	1.04969025
-1.36548948	-0.70704091	1.04969895
-1.36325431	-0.70609355	1.04970932
-1.36240005	-0.70544922	1.04971433
-1.36114359	-0.70468944	1.04972088
-1.35971284	-0.70433438	1.04972661
-1.35886312	-0.70358455	1.04973197
-1.35812783	-0.70277596	1.04973722
-1.35540533	-0.70244527	1.04974675
-1.18350959	-0.69704169	1.05029190
-1.18230152	-0.69857532	1.05028987
-1.18159664	-0.70175338	1.05028021
-1.18108809	-0.70514369	1.05026925
-1.18056130	-0.70682472	1.05026460
-1.17987382	-0.70983595	1.05025554
-1.17967033	-0.71090710	1.05025220
-1.17881489	-0.71178949	1.05025160
-1.17831433	-0.71344590	1.05024695
-1.17712617	-0.71399653	1.05024850
-1.17673147	-0.71518826	1.05024540
-1.17621303	-0.71638614	1.05024254
-1.17583537	-0.71786177	1.05023813
-1.17438841	-0.71909869	1.05023801
-1.17355490	-0.72042334	1.05023563
-1.17225409	-0.72334695	1.05022883
-1.17095363	-0.72627044	1.05022192
-1.17073309	-0.72768283	1.05021739
-1.16875958	-0.73060077	1.05021262
-1.16859889	-0.73193109	1.05020821
-1.16707575	-0.73359132	1.05020666
-1.16501570	-0.73474032	1.05020869
-1.16458654	-0.73581499	1.05020607
-1.16390204	-0.73693419	1.05020404
-1.16094053	-0.73934805	1.05020416
-1.15978396	-0.74128264	1.05020046
-1.15902328	-0.74345064	1.05019474
-1.15772247	-0.74637431	1.05018795
-1.15613997	-0.74811655	1.05018628
-1.15524364	-0.75079024	1.05017912
-1.15413833	-0.75312603	1.05017388
-1.15252590	-0.75490952	1.05017221
-1.15141249	-0.75772870	1.05016518
-1.14842093	-0.75955820	1.05016744
-1.14688444	-0.76029289	1.05016947
-1.14572251	-0.76081884	1.05017102
-1.14381981	-0.76127923	1.05017519
-1.14235139	-0.76207376	1.05017674
-1.14125764	-0.76265943	1.05017793
-1.13988674	-0.76284754	1.05018139
-1.13853741	-0.76285255	1.05018544
-1.13682175	-0.76320851	1.05018938
-1.13278985	-0.76395822	1.05019891
-1.13242996	-0.76589251	1.05019283
-1.13127184	-0.76640207	1.05019450
-1.13048100	-0.76736057	1.05019343
-1.12980974	-0.76940536	1.05018783
-1.12935066	-0.77052104	1.05018520
-1.12839782	-0.77138460	1.05018485
-1.12740684	-0.77277261	1.05018270
-1.12477994	-0.77345145	1.05018830
-1.12428653	-0.77444994	1.05018604
-1.12406635	-0.77586216	1.05018151
-1.12265849	-0.77737463	1.05018020
-1.12190151	-0.77827561	1.05017912
-1.12059033	-0.77900702	1.05018044
-1.11945391	-0.77995872	1.05018044
-1.11832643	-0.78060180	1.05018151
-1.11771488	-0.78256440	1.05017602
-1.11689448	-0.78418922	1.05017257
-1.11529374	-0.78422248	1.05017734
-1.11390650	-0.78537720	1.05017734
-1.11202431	-0.78547996	1.05018270
-1.11172867	-0.78811562	1.05017376
-1.11061013	-0.78952599	1.05017197
-1.10965693	-0.79038954	1.05017173
-1.10763931	-0.79162323	1.05017328
-1.10691261	-0.79265785	1.05017173
-1.10518885	-0.79349715	1.05017388
-1.10439324	-0.79429728	1.05017328
-1.10229850	-0.79470390	1.05017817
-1.10146856	-0.79538685	1.05017817
-1.10026872	-0.79643703	1.05017805
-1.09917939	-0.79718107	1.05017853
-1.09859204	-0.79814440	1.05017674
-1.09814453	-0.79921120	1.05017424
-1.09655464	-0.79991031	1.05017650
-1.09553921	-0.80033231	1.05017805
-1.09501696	-0.80154639	1.05017507
-1.09451389	-0.80356824	1.05016911
-1.09323978	-0.80405116	1.05017126
-1.09296107	-0.80526972	1.05016756
-1.09216559	-0.80606973	1.05016708
-1.09039450	-0.80649149	1.05017090
-1.08938193	-0.80743730	1.05017054
-1.08825457	-0.80870563	1.05016923
-1.08725464	-0.80932647	1.05017006
-1.08684254	-0.81068492	1.05016625
-1.08552670	-0.81063259	1.05017042
-1.08462989	-0.81205559	1.05016792
-1.08387256	-0.81295681	1.05016685
-1.08238780	-0.81471789	1.05016494
-1.08145142	-0.81524026	1.05016589
-1.08029795	-0.81590813	1.05016685
-1.07944751	-0.81694871	1.05016565
-1.07819259	-0.81823933	1.05016470
-1.07672322	-0.81823415	1.05016923
-1.07661819	-0.81949842	1.05016482
-1.07538033	-0.82107306	1.05016279
-1.07408619	-0.82146299	1.05016530
-1.07316279	-0.82228547	1.05016506
-1.07238722	-0.82317889	1.05016410
-1.07230771	-0.82486916	1.05015814
-1.07165325	-0.82657248	1.05015373
-1.07013857	-0.82748556	1.05015504
-1.06962478	-0.82973093	1.05014825
-1.06789267	-0.83042812	1.05015099
-1.06780839	-0.83196020	1.05014563
-1.06717873	-0.83283895	1.05014420
-1.06659722	-0.83476043	1.05013895
-1.06532955	-0.83637619	1.05013680
-1.06428766	-0.83691227	1.05013800
-1.06363297	-0.83799052	1.05013597
-1.06354785	-0.83934796	1.05013120
-1.06237686	-0.84018254	1.05013168
-1.06134450	-0.84103513	1.05013168
-1.06027508	-0.84187233	1.05013192
-1.06011438	-0.84320253	1.05012739
-1.05861974	-0.84339654	1.05013132
-1.05838251	-0.84452498	1.05012786
-1.05691552	-0.84504342	1.05013037
-1.05633950	-0.84595788	1.05012882
-1.05545092	-0.84689766	1.05012798
-1.05428410	-0.84726530	1.05013025
-1.05352318	-0.84818268	1.05012918
-1.05305254	-0.84934735	1.05012631
-1.05123949	-0.85030985	1.05012822
-1.05054688	-0.85191220	1.05012441
-1.04856813	-0.85342127	1.05012488
-1.04721034	-0.85390973	1.05012715
-1.04501450	-0.85556436	1.05012774
-1.04349947	-0.85611606	1.05013037
-1.04152036	-0.85699987	1.05013311
-1.04129541	-0.85825396	1.05012918
-1.03949916	-0.85887516	1.05013239
-1.03814614	-0.85952175	1.05013406
-1.03697634	-0.86115611	1.05013168
-1.03511655	-0.86250091	1.05013227
-1.03449178	-0.86353803	1.05013037
-1.03228736	-0.86505067	1.05013156
-1.03081059	-0.86570334	1.05013359
-1.02962840	-0.86694825	1.05013263
-1.02855468	-0.86762691	1.05013335
-1.02759326	-0.86897379	1.05013132
-1.02708340	-0.87031341	1.05012798
-1.02605283	-0.87080085	1.05012929
-1.02474332	-0.87233186	1.05012763
-1.02404535	-0.87315089	1.05012667
-1.02305007	-0.87500578	1.05012286
-1.01981544	-0.87592977	1.05012929
-1.01945829	-0.87704790	1.05012631
-1.01820326	-0.87833858	1.05012536
-1.01661611	-0.87992269	1.05012429
-1.01519060	-0.88097644	1.05012476
-1.01367605	-0.88215339	1.05012500
-1.01160336	-0.88255155	1.05012989
-1.01082957	-0.88379383	1.05012763
-1.00947952	-0.88424969	1.05013013
-1.00829268	-0.88560009	1.05012870
-1.00714827	-0.88595927	1.05013084
-1.00724196	-0.88707024	1.05012643
-1.00623381	-0.88754904	1.05012774
-1.00557446	-0.88846892	1.05012643
-1.00514078	-0.89001054	1.05012202
-1.00378370	-0.89112407	1.05012202
-1.00259674	-0.89247453	1.05012059
-1.00092435	-0.89308965	1.05012345
-0.99979258	-0.89482498	1.05012047
-0.99776697	-0.89546597	1.05012429
-0.99667776	-0.89620990	1.05012488
-0.99584770	-0.89689285	1.05012488
-0.99487811	-0.89809781	1.05012345
-0.99418491	-0.89907515	1.05012190
-0.99283493	-0.89953089	1.05012429
-0.99204063	-0.90113091	1.05012083
-0.99091703	-0.90175760	1.05012190
-0.98949993	-0.90295345	1.05012178
-0.98736346	-0.90390074	1.05012488
-0.98483938	-0.90475655	1.05012941
-0.98406923	-0.90598267	1.05012727
-0.98120463	-0.90653944	1.05013394
-0.98119712	-0.90827322	1.05012751
-0.97982275	-0.90910280	1.05012858
-0.97789025	-0.90960431	1.05013263
-0.97561008	-0.91279113	1.05012786
-0.97346550	-0.91422153	1.05012906
-0.97175461	-0.91473579	1.05013239
-0.96950758	-0.91661465	1.05013227
-0.96817183	-0.91817033	1.05013061
-0.96569884	-0.91880214	1.05013585
-0.96464819	-0.92027223	1.05013359
-0.96283472	-0.92060935	1.05013788
-0.96120054	-0.92132533	1.05014026
-0.95859981	-0.92197949	1.05014575
-0.95728064	-0.92319405	1.05014527
-0.95582563	-0.92491412	1.05014336
-0.95464706	-0.92578125	1.05014372
-0.95311081	-0.92651600	1.05014575
-0.95217961	-0.92844725	1.05014145
-0.94824255	-0.92940640	1.05014992
-0.94608021	-0.93037856	1.05015290
-0.94484198	-0.93132770	1.05015314
-0.94380784	-0.93183130	1.05015445
-0.94314826	-0.93275130	1.05015302
-0.94163352	-0.93392819	1.05015337
-0.93964612	-0.93529534	1.05015433
-0.93829703	-0.93592566	1.05015612
-0.93722987	-0.93773705	1.05015266
-0.93583441	-0.93937504	1.05015087
-0.93366802	-0.94036341	1.05015385
-0.92458838	-0.94237411	1.05017412
-0.92417300	-0.94499946	1.05016565
-0.91383034	-0.94940960	1.05018091
-0.91204387	-0.95159781	1.05017829
-0.91066182	-0.95416135	1.05017304
-0.90949178	-0.95517039	1.05017281
-0.90795541	-0.95590520	1.05017483
-0.88144857	-0.96186113	1.05023372
-0.86107135	-0.96646976	1.05027890
-0.82327521	-0.97454035	1.05036449
-0.81197774	-0.97713828	1.05038929
-0.74832141	-0.99056995	1.05053401
-0.74618793	-0.98962498	1.05054402
-0.74306661	-0.98880112	1.05055666
-0.74051201	-0.98844761	1.05056572
-0.73941326	-0.98824978	1.05056989
-0.73617250	-0.98696506	1.05058455
-0.73353696	-0.98687667	1.05059290
-0.73274457	-0.98578465	1.05059934
-0.73141170	-0.98544836	1.05060470
-0.72195220	-0.98625934	1.05063057
-0.71957183	-0.98550105	1.05064058
-0.71801674	-0.98390138	1.05065131
-0.71544087	-0.98373079	1.05065978
-0.71103561	-0.98378801	1.05067301
-0.70779777	-0.98231250	1.05068839
-0.70268565	-0.98179626	1.05070591
-0.70207894	-0.98087585	1.05071115
-0.69819367	-0.98116046	1.05072200
-0.69468802	-0.98067975	1.05073452
-0.69149858	-0.97809488	1.05075383
-0.68970478	-0.97789991	1.05076003
-0.68675447	-0.97793823	1.05076885
-0.68327999	-0.97714043	1.05078244
-0.68213475	-0.97732478	1.05078530
-0.67786467	-0.97732723	1.05079830
-0.67579103	-0.97692549	1.05080616
-0.50693041	-1.00860107	1.05120456
-0.50571418	-1.01061797	1.05120087
-0.50424588	-1.01141250	1.05120242
-0.50399566	-1.01286602	1.05119777
-0.50265992	-1.01442170	1.05119610
-0.50098765	-1.01566219	1.05119658
-0.49809369	-1.01751053	1.05119860
-0.49393508	-1.01845717	1.05120778
-0.49159822	-1.01920855	1.05121219
-0.48952127	-1.02007377	1.05121529
-0.48808768	-1.02161074	1.05121398
-0.48614681	-1.02259552	1.05121624
-0.48471326	-1.02413249	1.05121493
-0.48267451	-1.02509856	1.05121756
-0.48141512	-1.02623081	1.05121732
-0.48037273	-1.02721763	1.05121684
-0.47879797	-1.02785158	1.05121922
-0.47663188	-1.02946520	1.05121994
-0.47556788	-1.03000975	1.05122113
-0.47428679	-1.03069973	1.05122244
-0.47300574	-1.03138995	1.05122387
-0.47267085	-1.03312492	1.05121839
-0.46856737	-1.03445625	1.05122602
-0.46782815	-1.03644133	1.05122089
-0.46653035	-1.03747272	1.05122113
-0.46490949	-1.03911424	1.05121994
-0.46335664	-1.04081559	1.05121839
-0.46036500	-1.04264522	1.05122077
-0.45926288	-1.04371428	1.05122018
-0.45777789	-1.04485011	1.05122054
-0.45629206	-1.04554749	1.05122244
-0.45525047	-1.04697275	1.05122042
-0.45404151	-1.04806793	1.05122006
-0.45275220	-1.04924130	1.05121958
-0.45136523	-1.05039597	1.05121958
-0.44930992	-1.05170321	1.05122101
-0.44800803	-1.05238974	1.05122244
-0.44728461	-1.05359483	1.05122018
-0.44632334	-1.05494177	1.05121815
-0.44503424	-1.05611515	1.05121768
-0.44356599	-1.05753493	1.05121696
-0.44142154	-1.05959082	1.05121589
-0.44075483	-1.06116855	1.05121207
-0.43930805	-1.06240535	1.05121195
-0.43819305	-1.06317401	1.05121243
-0.43737257	-1.06479907	1.05120897
-0.43562344	-1.06521225	1.05121279
-0.43581504	-1.06634188	1.05120802
-0.43471307	-1.06741095	1.05120742
-0.43404639	-1.06898868	1.05120361
-0.43328080	-1.07037318	1.05120075
-0.43228972	-1.07176113	1.05119872
-0.43073624	-1.07328796	1.05119777
-0.43059680	-1.07443511	1.05119395
-0.42903519	-1.07536912	1.05119526
-0.42827827	-1.07689559	1.05119193
-0.42772523	-1.07797623	1.05118966
-0.42686617	-1.07887495	1.05118895
-0.42644078	-1.07993317	1.05118632
-0.42602009	-1.08114970	1.05118310
-0.42478219	-1.08272433	1.05118108
-0.42324233	-1.08410060	1.05118060
-0.42273217	-1.08544052	1.05117726
-0.42168978	-1.08642733	1.05117679
-0.42089438	-1.08785295	1.05117393
-0.41930410	-1.08962786	1.05117214
-0.41828257	-1.09088230	1.05117071
-0.41698474	-1.09191382	1.05117083
-0.41697767	-1.09319699	1.05116606
-0.41622537	-1.09488165	1.05116212
-0.41507679	-1.09633303	1.05116022
-0.41374114	-1.09788883	1.05115855
-0.41194493	-1.09913516	1.05115950
-0.41195491	-1.10070217	1.05115366
-0.41045669	-1.10153806	1.05115509
-0.40938458	-1.10256588	1.05115461
-0.40869999	-1.10368502	1.05115247
-0.40713862	-1.10524452	1.05115151
-0.40622395	-1.10620892	1.05115068
-0.40461507	-1.10735095	1.05115139
-0.40340689	-1.10888445	1.05114937
-0.40213567	-1.11114168	1.05114496
-0.40187243	-1.11229491	1.05114150
-0.40077049	-1.11336374	1.05114090
-0.39908972	-1.11446214	1.05114198
-0.39853659	-1.11554289	1.05113959
-0.39783901	-1.11636174	1.05113876
-0.39642674	-1.11771584	1.05113804
-0.39477572	-1.11877310	1.05113912
-0.39502314	-1.11983728	1.05113447
-0.39329141	-1.12115955	1.05113482
-0.39211270	-1.12202668	1.05113530
-0.39031270	-1.12328959	1.05113602
-0.38881981	-1.12553406	1.05113232
-0.38723716	-1.12727642	1.05113065
-0.38537738	-1.12799597	1.05113375
-0.38517368	-1.12906694	1.05113041
-0.38365880	-1.13024402	1.05113065
-0.38230613	-1.13151574	1.05113006
-0.38069353	-1.13267410	1.05113065
-0.37983832	-1.13355660	1.05113006
-0.37990692	-1.13486683	1.05112493
-0.37798741	-1.13566852	1.05112791
-0.37712437	-1.13765955	1.05112314
-0.37577188	-1.13955677	1.05112028
-0.37287837	-1.14203024	1.05111992
-0.37118137	-1.14409530	1.05111742
-0.36916456	-1.14612877	1.05111611
-0.36747062	-1.14692700	1.05111825
-0.36542350	-1.14775097	1.05112147
-0.36465806	-1.14913535	1.05111873
-0.36274424	-1.15197110	1.05111408
-0.36142477	-1.15256035	1.05111587
-0.35884598	-1.15428197	1.05111742
-0.35680735	-1.15524781	1.05112004
-0.35378581	-1.15711856	1.05112231
-0.35170901	-1.15798366	1.05112553
-0.35066646	-1.15897048	1.05112505
-0.34930927	-1.16008413	1.05112505
-0.34819889	-1.16163647	1.05112267
-0.34601626	-1.16359127	1.05112207
-0.34114343	-1.16632354	1.05112684
-0.33962047	-1.16798377	1.05112541
-0.33690563	-1.17021096	1.05112541
-0.33371040	-1.17311144	1.05112445
-0.33235314	-1.17422509	1.05112445
-0.33121285	-1.17519319	1.05112433
-0.32948080	-1.17651582	1.05112481
-0.32261565	-1.17920625	1.05113578
-0.32171947	-1.18250513	1.05112624
-0.31318706	-1.18784487	1.05113256
-0.31182149	-1.18944168	1.05113077
-0.31106928	-1.19112635	1.05112684
-0.31076437	-1.19344568	1.05111921
-0.30705881	-1.19706082	1.05111718
-0.30074990	-1.20447278	1.05110896
-0.19757056	-1.24051750	1.05129063
-0.19641396	-1.24245214	1.05128706
-0.17482442	-1.22373772	1.05142224
-0.17563641	-1.22197068	1.05142629
-0.10057588	-1.06657803	1.05223119
-0.09944713	-1.06579590	1.05223751
-0.09827930	-1.06366241	1.05224895
-0.09711295	-1.06402993	1.05225122
-0.09600563	-1.06369007	1.05225575
-0.09497443	-1.06230152	1.05226409
-0.09388822	-1.06115329	1.05227172
-0.09335957	-1.06015873	1.05227697
-0.09207346	-1.06006527	1.05228126
-0.09098725	-1.05891728	1.05228877
-0.08976932	-1.05888355	1.05229270
-0.08843604	-1.05729675	1.05230260
-0.08734556	-1.05661547	1.05230844
-0.08569801	-1.05703139	1.05231190
-0.08428353	-1.05508435	1.05232346
-0.08188997	-1.05402577	1.05233467
-0.07981606	-1.05299878	1.05234480
-0.07868709	-1.05221665	1.05235124
-0.07747349	-1.05171609	1.05235672
-0.07594825	-1.05007553	1.05236745
-0.07481954	-1.04929328	1.05237389
-0.07268400	-1.04567277	1.05239379
-0.07074979	-1.04412389	1.05240548
-0.06860009	-1.04477072	1.05240953
-0.06703682	-1.04365444	1.05241847
-0.06621447	-1.04260373	1.05242491
-0.06514524	-1.04173946	1.05243134
-0.06391852	-1.04093862	1.05243814
-0.06259865	-1.04027724	1.05244458
-0.06163245	-1.04084063	1.05244541
-0.06037584	-1.04008090	1.05245209
-0.05928501	-1.03877449	1.05246019
-0.05816908	-1.03766727	1.05246770
-0.05711201	-1.03826857	1.05246878
-0.05555822	-1.03612912	1.05248141
-0.05442131	-1.03583014	1.05248606
-0.05295590	-1.03473270	1.05249453
-0.05106585	-1.03486800	1.05249977
-0.04923388	-1.03287077	1.05251276
-0.04744862	-1.03111649	1.05252481
-0.04612896	-1.03108048	1.05252898
-0.04396974	-1.03078568	1.05253661
-0.04188788	-1.03086722	1.05254269
-0.04073744	-1.02964282	1.05255067
-0.03823757	-1.02842367	1.05256283
-0.03738542	-1.02741385	1.05256927
-0.03653327	-1.02640402	1.05257559
-0.03520375	-1.02480090	1.05258560
-0.03413939	-1.02472019	1.05258906
-0.03309177	-1.02429819	1.05259383
-0.03182670	-1.02339661	1.05260110
-0.03071941	-1.02305675	1.05260575
-0.02989711	-1.02200580	1.05261219
-0.02670620	-1.01907170	1.05263269
-0.02263786	-1.02069509	1.05263913
-0.01542363	-1.01220918	1.05269265
-0.01430005	-1.01283574	1.05269372
-0.01105909	-1.01155114	1.05270839
-0.00761801	-1.01007056	1.05272436
-0.00578599	-1.00807333	1.05273736
-0.00433347	-1.00665069	1.05274713
-0.00253120	-1.00461245	1.05276012
0.00219762	-0.99928695	1.05279434
0.00414067	-0.99697071	1.05280888
0.00517158	-0.99620748	1.05281484
0.00759519	-0.99456459	1.05282831
0.01211740	-0.99334478	1.05284667
0.01714966	-0.99346459	1.05286157
0.01800954	-0.99418879	1.05286145
0.01900531	-0.99479312	1.05286229
0.01996378	-0.99424791	1.05286729
0.02540559	-0.99150783	1.05289400
0.02645321	-0.99108577	1.05289876
0.04034279	-0.97756481	1.05299127
0.04496469	-0.97365040	1.05301988
0.04830304	-0.97297227	1.05303264
0.05289433	-0.97089261	1.05305433
0.05658088	-0.97164911	1.05306280
0.05798658	-0.97046942	1.05307150
0.05891969	-0.96972489	1.05307710
0.06256019	-0.96884835	1.05309141
0.06731583	-0.96337289	1.05312622
0.07949820	-0.87455589	1.05349243
0.07921526	-0.87116927	1.05350411
0.07771614	-0.86576581	1.05351949
0.07669535	-0.86433685	1.05352163
0.07622802	-0.86273777	1.05352616
0.07500664	-0.86212987	1.05352473
0.07463931	-0.85783648	1.05353951
0.07175069	-0.85457921	1.05354273
0.07129692	-0.85205466	1.05355072
0.07090385	-0.84174359	1.05358768
0.06956001	-0.83970451	1.05359113
0.06887580	-0.83796000	1.05359554
0.06786544	-0.83371323	1.05360818
0.06684354	-0.82771635	1.05362725
0.06577853	-0.82260400	1.05364287
0.06477123	-0.82024944	1.05364859
0.06485496	-0.81596309	1.05366468
0.06380406	-0.81511831	1.05366457
0.06372474	-0.81280261	1.05367291
0.06345825	-0.81038254	1.05368114
0.06041445	-0.80376101	1.05369627
0.05795488	-0.80220377	1.05369461
0.05514747	-0.79858649	1.05369937
0.05263667	-0.79680508	1.05369830
0.05148000	-0.79487044	1.05370200
0.05066801	-0.79310352	1.05370605
0.05023878	-0.79202896	1.05370867
0.04830823	-0.78885192	1.05371451
0.04705692	-0.78820288	1.05371308
0.04560212	-0.78648275	1.05371511
0.04553996	-0.78522313	1.05371952
0.04445438	-0.78512073	1.05371654
0.04423320	-0.78361899	1.05372143
0.04363832	-0.78199762	1.05372572
0.04089767	-0.78171092	1.05371833
0.04008844	-0.78049618	1.05372036
0.04024460	-0.77661711	1.05373526
0.03898018	-0.77626836	1.05373263
0.03899010	-0.77470130	1.05373847
0.03846349	-0.77265877	1.05374444
0.03789028	-0.77059525	1.05375040
0.03620969	-0.76887155	1.05375159
0.03375020	-0.76705039	1.05375087
0.03259350	-0.76511562	1.05375445
0.03202020	-0.76305211	1.05376041
0.03120835	-0.76128536	1.05376446
0.03143869	-0.74725682	1.05381703
0.02987764	-0.74507213	1.05382037
0.02644665	-0.74436033	1.05381250
0.02491852	-0.74410880	1.05380881
0.02344154	-0.74345624	1.05380678
0.01920965	-0.74335301	1.05379415
0.01631907	-0.74339676	1.05378520
0.01217690	-0.74279141	1.05377483
0.00997318	-0.74146551	1.05377293
0.00910158	-0.73961651	1.05377710
0.00689440	-0.73621184	1.05378306
0.00499679	-0.73434252	1.05378413
0.00477552	-0.72836244	1.05380559
0.00334518	-0.72809213	1.05380225
0.00213372	-0.72529173	1.05380893
0.00059443	-0.72266489	1.05381393
-0.00168104	-0.71931994	1.05381942
-0.00587357	-0.71017110	1.05384040
-0.00665569	-0.70844525	1.05384445
-0.00860458	-0.70697737	1.05384398
-0.01178359	-0.70504332	1.05384135
-0.01598498	-0.70373058	1.05383337
-0.01692113	-0.70258296	1.05383480
-0.01706374	-0.70016897	1.05384338
-0.01800638	-0.69648767	1.05385411
-0.01839901	-0.69262022	1.05386722
-0.01869530	-0.69015914	1.05387545
-0.01914925	-0.68763447	1.05388331
-0.01986432	-0.68664885	1.05388486
-0.02088543	-0.68584496	1.05388474
-0.02110544	-0.68380737	1.05389154
-0.02197293	-0.68305069	1.05389178
-0.02292184	-0.68157810	1.05389428
-0.02440330	-0.68108374	1.05389154
-0.02471248	-0.67999893	1.05389464
-0.02588254	-0.67898977	1.05389488
-0.02695118	-0.67860341	1.05389297
-0.02792967	-0.67816579	1.05389166
-0.03065040	-0.67752194	1.05388570
-0.03246770	-0.67716849	1.05388141
-0.03318662	-0.67616642	1.05388296
-0.03395247	-0.67540729	1.05388343
-0.03627392	-0.67105472	1.05389249
-0.03690690	-0.66890895	1.05389845
-0.03727362	-0.66703147	1.05390429
-0.03803679	-0.66512316	1.05390906
-0.03843583	-0.66346443	1.05391395
-0.04013795	-0.66218299	1.05391347
-0.09703217	-0.53036761	1.05422795
-0.12981881	-0.45046490	1.05442369
-0.12883905	-0.44947740	1.05443037
-0.12898624	-0.44722176	1.05443823
-0.12929580	-0.44506076	1.05444539
-0.13252479	-0.43565917	1.05447030
-0.13199061	-0.43263051	1.05448318
-0.14997932	-0.38524395	1.05460370
-0.14848381	-0.38356227	1.05461454
-0.14826158	-0.38229895	1.05461991
-0.14785199	-0.38114011	1.05462539
-0.14690822	-0.37695259	1.05464375
-0.14696574	-0.37419480	1.05465388
-0.14448239	-0.37200892	1.05466950
-0.14336994	-0.37026018	1.05467939
-0.14365312	-0.36749887	1.05468881
-0.14154407	-0.36510408	1.05470407
-0.14004047	-0.36390561	1.05471313
-0.14014956	-0.36154896	1.05472147
-0.13755500	-0.35904408	1.05473864
-0.13559879	-0.35642764	1.05475438
-0.13636602	-0.35172594	1.05476940
-0.13630955	-0.35054123	1.05477405
-0.13430367	-0.34957403	1.05478370
-0.13323055	-0.34872603	1.05479014
-0.13149327	-0.34801447	1.05479801
-0.12897559	-0.34633666	1.05481195
-0.12839541	-0.34494102	1.05481887
-0.12661093	-0.34336120	1.05483019
-0.12520517	-0.34218156	1.05483890
-0.12388417	-0.34072036	1.05484831
-0.12241025	-0.33948088	1.05485737
-0.12255403	-0.33786666	1.05486298
-0.12131415	-0.33676559	1.05487084
-0.12164855	-0.33378005	1.05488086
-0.12174089	-0.33176470	1.05488801
-0.12153496	-0.32953489	1.05489695
-0.12202477	-0.32381031	1.05491662
-0.12088227	-0.32147741	1.05492878
-0.12240116	-0.31384048	1.05495238
-0.12243488	-0.30733943	1.05497634
-0.12017684	-0.30515003	1.05499136
-0.11631258	-0.30095986	1.05501866
-0.11493453	-0.29706341	1.05503738
-0.11430763	-0.29542491	1.05504537
-0.11351021	-0.29354936	1.05505466
-0.11274220	-0.29100767	1.05506647
-0.11314461	-0.28808197	1.05507612
-0.11230057	-0.28658885	1.05508423
-0.11157088	-0.28414798	1.05509543
-0.11063747	-0.28277814	1.05510342
-0.10984813	-0.28041935	1.05511451
-0.10779910	-0.27856770	1.05512762
-0.10605681	-0.27707255	1.05513847
-0.10625683	-0.27127540	1.05515933
-0.10456230	-0.27082306	1.05516624
-0.10092895	-0.26866341	1.05518532
-0.09584501	-0.26775688	1.05520415
-0.09563085	-0.26601022	1.05521131
-0.09515212	-0.25692284	1.05524647
-0.09259200	-0.25623637	1.05525684
-0.09157276	-0.25264698	1.05527318
-0.09121506	-0.24607092	1.05529869
-0.09036294	-0.24506114	1.05530500
-0.09003340	-0.23639360	1.05533814
-0.08973275	-0.23287812	1.05535209
-0.08999927	-0.23045805	1.05536020
-0.08869638	-0.23008069	1.05536556
-0.08850688	-0.22688419	1.05537796
-0.08827941	-0.22421211	1.05538857
-0.09335074	-0.17649731	1.05554986
-0.09306863	-0.17469084	1.05555737
-0.09294206	-0.17077065	1.05557227
-0.09116669	-0.17058343	1.05557835
-0.09097017	-0.16500366	1.05559969
-0.08954592	-0.16041365	1.05562103
-0.08359179	-0.15911481	1.05564404
-0.08198178	-0.15775564	1.05565393
-0.08050296	-0.15573257	1.05566597
-0.08061695	-0.15415946	1.05567145
-0.08000484	-0.14950386	1.05569053
-0.07392839	-0.14685890	1.05571890
-0.07222414	-0.14483941	1.05573165
-0.07050821	-0.14457008	1.05573785
-0.07555652	-0.04004857	1.05610955
-0.07514468	-0.03558880	1.05612731
-0.07473522	-0.03442994	1.05613291
-0.07479566	-0.02978006	1.05614996
-0.07383373	-0.02925110	1.05615485
-0.07210773	-0.02678931	1.05616915
-0.07148114	-0.02577603	1.05617487
-0.07003212	-0.02371195	1.05618691
-0.06878883	-0.02325237	1.05619240
-0.06825161	-0.02211583	1.05619824
-0.06836978	-0.01470813	1.05622530
-0.06675544	-0.01381597	1.05623364
-0.06306714	-0.01189676	1.05625200
-0.06126308	-0.00610685	1.05627894
-0.05879933	-0.00168744	1.05630279
-0.05771762	0.00467014	1.05632961
-0.05684888	0.00533855	1.05633473
-0.05535477	0.01096281	1.05636024
-0.05481222	0.01350817	1.05637121
-0.05391681	0.01540241	1.05638099
-0.05221248	0.01742187	1.05639374
-0.05127168	0.02350152	1.05641913
-0.05125302	0.02583584	1.05642784
-0.05085582	0.02686897	1.05643284
-0.04984099	0.02922425	1.05644464
-0.04895589	0.03536966	1.05647016
-0.04816657	0.03772834	1.05648124
-0.04785040	0.04547036	1.05651093
-0.04608649	0.04740778	1.05652344
-0.04519111	0.04930198	1.05653322
-0.04166523	0.05050099	1.05654848
-0.03701711	0.06512597	1.05661678
-0.03628400	0.06629995	1.05662334
-0.03002656	0.06725702	1.05664611
-0.02860728	0.06936222	1.05665815
-0.02755734	0.07308507	1.05667520
-0.02262592	0.07483855	1.05669677
-0.01634869	0.11973134	1.05688214
-0.01390356	0.12181637	1.05689740
-0.01347235	0.12341744	1.05690467
-0.01279414	0.12545711	1.05691421
-0.01078492	0.13696885	1.05696297
-0.00796530	0.13884491	1.05697858
-0.00455320	0.14698467	1.05701911
0.00057074	0.15004250	1.05704618
0.00434047	0.15294707	1.05706835
0.00390100	0.18922845	1.05720139
0.00427258	0.19091156	1.05720878
0.00498891	0.19242698	1.05721664
0.00672239	0.19315487	1.05722463
0.00684229	0.19424105	1.05722904
0.01054373	0.19646057	1.05724847
0.01284483	0.19927052	1.05726600
0.01757264	0.20209500	1.05729079
0.02077207	0.20517102	1.05731201
0.02620259	0.20858541	1.05734122
0.02761209	0.22800371	1.05741751
0.02826807	0.23505831	1.05744565
0.03130472	0.23616341	1.05745900
0.03355303	0.23911232	1.05747676
0.03590843	0.24069527	1.05748987
0.03833210	0.24233794	1.05750334
0.03914502	0.24414825	1.05751252
0.04159844	0.24574986	1.05752587
0.04185569	0.24838099	1.05753648
0.04321206	0.25380042	1.05756068
0.04455617	0.25712883	1.05757713
0.04591793	0.25724956	1.05758166
0.04807329	0.25756067	1.05758941
0.04870513	0.25998285	1.05760038
0.05953571	0.26131034	1.05763841
0.05990762	0.26361886	1.05764806
0.06453773	0.26704982	1.05767488
0.06648001	0.27455917	1.05770862
0.06712988	0.27976638	1.05772996
0.06870452	0.28387484	1.05774999
0.06994712	0.28612503	1.05776203
0.07074359	0.29060304	1.05778110
0.07129255	0.29257995	1.05779004
0.07209009	0.29445532	1.05779946
0.07290092	0.29725632	1.05781233
0.07410628	0.29824024	1.05781960
0.07522404	0.30139780	1.05783474
0.07626346	0.30230314	1.05784130
0.07733792	0.30457607	1.05785298
0.07804498	0.31114259	1.05787945
0.07909778	0.31297341	1.05788946
0.08027816	0.31415653	1.05789745
0.08219978	0.31665587	1.05791259
0.08323893	0.31693593	1.05791676
0.08464471	0.31811559	1.05792546
0.08588490	0.31984192	1.05793560
0.08623707	0.32438380	1.05795348
0.08859998	0.33067656	1.05798399
0.08963645	0.33347410	1.05799758
0.09068117	0.33578807	1.05800939
0.09163609	0.33760017	1.05801892
0.09285387	0.34407744	1.05804670
0.09328511	0.34567857	1.05805397
0.09518492	0.34711027	1.05806506
0.09604201	0.34890360	1.05807424
0.09926420	0.37854531	1.05819392
0.10099846	0.38114917	1.05820882
0.10547507	0.38999492	1.05825531
0.10697195	0.39954537	1.05829525
0.11267263	0.42414588	1.05840373
0.11457771	0.42698652	1.05842006
0.11386889	0.43018097	1.05842972
0.10180563	0.46422946	1.05851901
0.09703356	0.47689965	1.05855131
0.09505671	0.48108441	1.05856085
0.07774270	0.50690448	1.05860353
0.02316535	0.58490109	1.05872571
-0.10437733	0.58798701	1.05834758
-0.10653591	0.58786672	1.05834055
-0.11725682	0.58713436	1.05830503
-0.19904548	0.57333124	1.05800414
-0.20003051	0.57093501	1.05799222
-0.23911101	0.55304825	1.05780661
-0.38654768	0.48972547	1.05712175
-0.41119307	0.47983322	1.05700982
-0.41274285	0.47964245	1.05700433
-0.41599187	0.47884101	1.05699146
-0.42014742	0.47852075	1.05697763
-0.42323872	0.47765577	1.05696499
-0.42525280	0.47717190	1.05695701
-0.42648774	0.47685441	1.05695200
-0.42841241	0.47624728	1.05694389
-0.43040490	0.47620568	1.05693769
-0.43151215	0.47586578	1.05693305
-0.43321130	0.47525516	1.05692554
-0.45209369	0.46785843	1.05684054
-0.45348606	0.46760425	1.05683529
-0.45469117	0.46724576	1.05683029
-0.45718238	0.46679366	1.05682099
-0.46211705	0.46630710	1.05680418
-0.46813729	0.46592283	1.05678439
-0.47213528	0.46553916	1.05677068
-0.47668722	0.46436042	1.05675244
-0.47796834	0.46505055	1.05675113
-0.47914359	0.46465075	1.05674601
-0.48085088	0.46452332	1.05674028
-0.48224339	0.46426940	1.05673516
-0.48459393	0.46346992	1.05672503
-0.49169695	0.46129593	1.05669522
-0.49469370	0.46171665	1.05668759
-0.49616221	0.46251133	1.05668604
-0.49828222	0.46249196	1.05667961
-0.50101566	0.46238476	1.05667078
-0.50391465	0.46282437	1.05666363
-0.50503814	0.46345106	1.05666244
-0.50761414	0.46328053	1.05665398
-0.51325977	0.46268734	1.05663455
-0.51642752	0.46224597	1.05662322
-0.51767075	0.46241182	1.05662000
-0.52045077	0.46206161	1.05661023
-0.52172363	0.46226850	1.05660713
-0.52296638	0.46305951	1.05660629
-0.52534169	0.46371007	1.05660141
-0.52699763	0.46398383	1.05659735
-0.52845800	0.46366990	1.05659175
-0.52917701	0.46467188	1.05659330
-0.53319174	0.46462959	1.05658078
-0.53597134	0.46553016	1.05657566
-0.53815103	0.46559292	1.05656922
-0.54068887	0.46489796	1.05655897
-0.54205966	0.46508607	1.05655539
-0.54336238	0.46533400	1.05655241
-0.54544425	0.46541548	1.05654633
-0.54865813	0.46598181	1.05653858
-0.55052292	0.46591783	1.05653262
-0.55239582	0.46633711	1.05652845
-0.55629152	0.46613050	1.05651581
-0.55704010	0.46717358	1.05651736
-0.56039029	0.46762028	1.05650878
-0.56197786	0.46857914	1.05650747
-0.56368518	0.46845171	1.05650187
-0.56709170	0.46771365	1.05648875
-0.57238454	0.46646944	1.05646789
-0.57409990	0.46682525	1.05646396
-0.57593501	0.46672022	1.05645800
-0.57703698	0.46778914	1.05645859
-0.57962978	0.46733469	1.05644906
-0.58108997	0.46764588	1.05644572
-0.58293283	0.46864939	1.05644381
-0.58387733	0.46965498	1.05644464
-0.58685780	0.46910918	1.05643344
-0.58918691	0.46875215	1.05642509
-0.59003353	0.46977651	1.05642629
-0.59306008	0.47023833	1.05641878
-0.59410262	0.47122514	1.05641925
-0.59582627	0.47206426	1.05641699
-0.59918135	0.47172737	1.05640554
-0.60173559	0.47199917	1.05639875
-0.60262060	0.47292256	1.05639946
-0.60453147	0.47386622	1.05639708
-0.61126614	0.47464228	1.05637944
-0.61564201	0.47573447	1.05637014
-0.61661124	0.47818992	1.05637622
-0.62011540	0.47743315	1.05636275
-0.62174118	0.47829100	1.05636096
-0.62633955	0.47749463	1.05634391
-0.62761545	0.47959358	1.05634785
-0.62930930	0.48039168	1.05634558
-0.63319933	0.48221922	1.05634046
-0.63408434	0.48314270	1.05634117
-0.63606346	0.48402652	1.05633843
-0.63664162	0.48530656	1.05634141
-0.64001632	0.48720306	1.05633807
-0.64238596	0.48988760	1.05634081
-0.64460367	0.49047482	1.05633628
-0.64712811	0.49070534	1.05632937
-0.64816231	0.49120891	1.05632806
-0.65072501	0.49196395	1.05632305
-0.65358579	0.49187911	1.05631399
-0.65620792	0.49271625	1.05630910
-0.66115886	0.49319619	1.05629575
-0.66890830	0.49224243	1.05626857
-0.68743849	0.48938763	1.05620134
-0.68981367	0.49003819	1.05619657
-0.69140995	0.49022987	1.05619240
-0.69348657	0.49172008	1.05619156
-0.69564474	0.49222520	1.05618680
-0.69730878	0.49298227	1.05618453
-0.69853044	0.49359027	1.05618310
-0.70066679	0.49453747	1.05618000
-0.70218128	0.49633962	1.05618203
-0.70356071	0.49638584	1.05617809
-0.70509708	0.49712056	1.05617607
-0.70646781	0.49730867	1.05617261
-0.70869410	0.49775377	1.05616736
-0.71032298	0.49987850	1.05617034
-0.71155274	0.50096989	1.05617058
-0.71350658	0.50165433	1.05616713
-0.71588504	0.50357175	1.05616701
-0.71796668	0.50427860	1.05616331
-0.71913671	0.50528777	1.05616343
-0.72030675	0.50629693	1.05616355
-0.72211492	0.50804281	1.05616450
-0.72320908	0.50800318	1.05616105
-0.72383404	0.50904036	1.05616295
-0.72543043	0.50923204	1.05615878
-0.72620344	0.51235020	1.05616796
-0.72732723	0.51235169	1.05616462
-0.72842956	0.51279533	1.05616283
-0.72892690	0.51381016	1.05616510
-0.73085940	0.51431167	1.05616105
-0.73124498	0.51752126	1.05617177
-0.73296034	0.51787722	1.05616784
-0.73547220	0.51778281	1.05615985
-0.73599529	0.51882231	1.05616200
-0.73648417	0.51997906	1.05616486
-0.73799944	0.51990545	1.05615997
-0.73914433	0.52071524	1.05615950
-0.73982048	0.52197647	1.05616200
-0.74082494	0.52243888	1.05616069
-0.74220711	0.52437717	1.05616367
-0.74364603	0.52450538	1.05615973
-0.74441946	0.52699846	1.05616665
-0.74559796	0.52786553	1.05616617
-0.74676800	0.52887475	1.05616641
-0.74735439	0.53063798	1.05617118
-0.74807656	0.53290689	1.05617738
-0.74891043	0.53423154	1.05617964
-0.75130206	0.53522336	1.05617607
-0.75231469	0.53616917	1.05617642
-0.75251836	0.53724015	1.05617976
-0.75288761	0.53885782	1.05618465
-0.75387859	0.54024577	1.05618680
-0.75519288	0.54224396	1.05619013
-0.75660169	0.54233110	1.05618620
-0.75752503	0.54377896	1.05618870
-0.75882250	0.54481030	1.05618858
-0.76002276	0.54523534	1.05618644
-0.76029420	0.54687190	1.05619168
-0.76039982	0.54796159	1.05619538
-0.76117390	0.54920411	1.05619764
-0.76154321	0.55082178	1.05620253
-0.76222748	0.55256641	1.05620694
-0.76439381	0.55355465	1.05620396
-0.76552105	0.55482292	1.05620515
-0.76572472	0.55589402	1.05620849
-0.76677597	0.55611360	1.05620611
-0.76733267	0.55721045	1.05620849
-0.76784730	0.55839193	1.05621135
-0.76893657	0.55913603	1.05621076
-0.76919127	0.56043124	1.05621481
-0.76988894	0.56125015	1.05621564
-0.77099121	0.56169379	1.05621397
-0.77153498	0.56309104	1.05621743
-0.77273142	0.56349969	1.05621529
-0.77368796	0.56500489	1.05621791
-0.77499545	0.56509447	1.05621433
-0.77662539	0.56534356	1.05621028
-0.77699935	0.56680298	1.05621457
-0.77859867	0.56826138	1.05621505
-0.78062081	0.56888616	1.05621111
-0.78165472	0.57001495	1.05621219
-0.78409809	0.56998026	1.05620456
-0.78543043	0.57089460	1.05620396
-0.78722268	0.57104874	1.05619895
-0.78839201	0.57330841	1.05620384
-0.79039276	0.57374990	1.05619931
-0.79464120	0.57419455	1.05618799
-0.79599035	0.57482481	1.05618620
-0.79637277	0.57614231	1.05618989
-0.79868829	0.57671070	1.05618501
-0.80010527	0.57790637	1.05618501
-0.80122405	0.57931674	1.05618691
-0.80624306	0.57973683	1.05617309
-0.80723399	0.58112478	1.05617523
-0.80821657	0.58265483	1.05617785
-0.81240535	0.58364260	1.05616868
-0.81293195	0.58532363	1.05617332
-0.81399614	0.58586830	1.05617213
-0.81516623	0.58687747	1.05617225
-0.81719661	0.58736002	1.05616784
-0.81762058	0.58984357	1.05617571
-0.81968367	0.59225929	1.05617845
-0.82051730	0.59358406	1.05618072
-0.82418245	0.59415746	1.05617166
-0.82447463	0.59552622	1.05617583
-0.82469010	0.59879810	1.05618739
-0.82614553	0.59989303	1.05618691
-0.82808614	0.60087764	1.05618465
-0.82815725	0.60271001	1.05619121
-0.82917821	0.60413915	1.05619335
-0.83025885	0.60502505	1.05619335
-0.83155644	0.60605645	1.05619323
-0.83226252	0.60735875	1.05619586
-0.83272094	0.60909975	1.05620098
-0.83423609	0.60965133	1.05619836
-0.83517027	0.61347467	1.05620968
-0.83904421	0.61371017	1.05619872
-0.84006786	0.61765671	1.05621016
-0.84640646	0.61804092	1.05619228
-0.84690809	0.61952263	1.05619621
-0.85003281	0.61996579	1.05618834
-0.85109675	0.62051034	1.05618703
-0.85309738	0.62095195	1.05618262
-0.85495734	0.62167156	1.05617964
-0.85641742	0.62198281	1.05617630
-0.85691416	0.62424809	1.05618322
-0.85851854	0.62492299	1.05618072
-0.85968858	0.62593216	1.05618095
-0.86104608	0.62704587	1.05618095
-0.86230588	0.62755293	1.05617893
-0.86345398	0.62962961	1.05618310
-0.86644578	0.63145912	1.05618072
-0.86749625	0.63292927	1.05618298
-0.86931789	0.63374966	1.05618048
-0.87101173	0.63454777	1.05617821
-0.87267601	0.63467968	1.05617368
-0.87323242	0.63702708	1.05618060
-0.87393820	0.63832927	1.05618334
-0.87538838	0.64083314	1.05618811
-0.87739730	0.64113271	1.05618310
-0.87754953	0.64323020	1.05619049
-0.87791872	0.64484787	1.05619526
-0.87955600	0.64745605	1.05619991
-0.88021040	0.64915943	1.05620432
-0.88166034	0.65166306	1.05620909
-0.88197017	0.65319872	1.05621386
-0.88320839	0.65414798	1.05621362
-0.88429266	0.65567553	1.05621588
-0.88459855	0.65719479	1.05622065
-0.88508737	0.65835166	1.05622339
-0.88555837	0.65996683	1.05622792
-0.88676131	0.66290927	1.05623519
-0.88757312	0.66467607	1.05623925
-0.88765687	0.66745865	1.05624926
-0.88906085	0.66832936	1.05624819
-0.88902903	0.67096388	1.05625808
-0.89056087	0.67185700	1.05625677
-0.89056861	0.67296553	1.05626082
-0.89162439	0.67365223	1.05626011
-0.89212972	0.67515022	1.05626416
-0.89269042	0.67626333	1.05626655
-0.89290684	0.67765951	1.05627108
-0.89395797	0.67850435	1.05627096
-0.89482147	0.67924482	1.05627108
-0.89485073	0.68053639	1.05627573
-0.89501154	0.68186665	1.05628014
-0.89571738	0.68316901	1.05628288
-0.89675510	0.68431401	1.05628395
-0.89698839	0.68542612	1.05628729
-0.89819682	0.68633449	1.05628705
-0.89801234	0.68874741	1.05629647
-0.89896524	0.68961096	1.05629683
-0.89988816	0.69105875	1.05629933
-0.90097791	0.69225335	1.05630040
-0.90157676	0.69326568	1.05630231
-0.90236843	0.69467485	1.05630517
-0.90290338	0.69683945	1.05631149
-0.90305567	0.69831157	1.05631649
-0.90410966	0.69872200	1.05631483
-0.90490878	0.70016384	1.05631769
-0.90521437	0.70400959	1.05633104
-0.90553260	0.70540321	1.05633521
-0.90569800	0.70657527	1.05633903
-0.90643370	0.70791858	1.05634177
-0.90674329	0.70945418	1.05634654
-0.90656245	0.71250868	1.05635846
-0.90705121	0.71366554	1.05636120
-0.90856898	0.71673459	1.05636787
-0.90970099	0.71721935	1.05636621
-0.91022784	0.71890038	1.05637085
-0.91094518	0.72025156	1.05637372
-0.91235387	0.72096407	1.05637205
-0.91281784	0.72299743	1.05637813
-0.91506875	0.72489250	1.05637825
-0.91482449	0.72722328	1.05638766
-0.91815299	0.72811210	1.05638075
-0.91781914	0.73094499	1.05639231
-0.91887814	0.73227316	1.05639398
-0.91928548	0.73441523	1.05640066
-0.92045540	0.73542446	1.05640078
-0.92140865	0.73628807	1.05640113
-0.92228025	0.73813713	1.05640531
-0.92293471	0.73984045	1.05640960
-0.92461020	0.74234766	1.05641377
-0.92553306	0.74379539	1.05641627
-0.92605984	0.74547654	1.05642092
-0.92686725	0.74740171	1.05642557
-0.92722833	0.74853611	1.05642867
-0.92685187	0.75100291	1.05643904
-0.92815423	0.75187600	1.05643821
-0.92809784	0.75306082	1.05644286
-0.92887187	0.75430322	1.05644500
-0.92973059	0.75582719	1.05644810
-0.93042409	0.75725520	1.05645120
-0.93078911	0.75840592	1.05645442
-0.93090677	0.75999540	1.05645990
-0.93143356	0.76167643	1.05646455
-0.93335736	0.76294518	1.05646336
-0.93431509	0.76365054	1.05646300
-0.93422067	0.76493609	1.05646813
-0.93489194	0.76635551	1.05647135
-0.93677676	0.76789987	1.05647123
-0.93825722	0.76856858	1.05646920
-0.93802178	0.77013212	1.05647576
-0.93824756	0.77121168	1.05647898
-0.93911135	0.77195215	1.05647910
-0.93919504	0.77303350	1.05648291
-0.94042456	0.77412474	1.05648315
-0.94074839	0.77518559	1.05648613
-0.94124937	0.77621663	1.05648839
-0.94249684	0.77684933	1.05648696
-0.94360745	0.77777648	1.05648696
-0.94455647	0.77862370	1.05648720
-0.94510019	0.78002083	1.05649078
-0.94679403	0.78144431	1.05649078
-0.94708705	0.78263855	1.05649436
-0.94839776	0.78336978	1.05649304
-0.95003521	0.78427660	1.05649137
-0.94977057	0.78562450	1.05649722
-0.94965470	0.78672707	1.05650163
-0.95022535	0.78797448	1.05650449
-0.95073903	0.78995585	1.05651033
-0.95210421	0.79047680	1.05650806
-0.95361555	0.79101217	1.05650544
-0.95394206	0.79288912	1.05651140
-0.95455849	0.79406816	1.05651391
-0.95526981	0.79503763	1.05651534
-0.95674121	0.79602301	1.05651438
-0.95754492	0.79730654	1.05651677
-0.95788980	0.79855037	1.05652034
-0.95872337	0.79987496	1.05652261
-0.95995677	0.80160785	1.05652535
-0.96108806	0.80334318	1.05652821
-0.96173441	0.80456340	1.05653083
-0.96314621	0.80546665	1.05652988
-0.96362734	0.80659074	1.05653250
-0.96475911	0.80770081	1.05653322
-0.96527767	0.80889857	1.05653608
-0.96543348	0.81101251	1.05654335
-0.96657848	0.81182224	1.05654287
-0.96676052	0.81333554	1.05654800
-0.96728742	0.81501663	1.05655253
-0.96819270	0.81629777	1.05655456
-0.96929109	0.81735039	1.05655503
-0.96914887	0.81931746	1.05656278
-0.97111440	0.82112682	1.05656350
-0.97216505	0.82259697	1.05656576
-0.97352219	0.82371056	1.05656576
-0.97421986	0.82452941	1.05656660
-0.97533864	0.82593977	1.05656838
-0.97582752	0.82709658	1.05657125
-0.97725284	0.82815027	1.05657077
-0.97776318	0.82949013	1.05657423
-0.97859657	0.83081478	1.05657649
-0.97913653	0.83193159	1.05657899
-0.97994483	0.83305681	1.05658066
-0.98023331	0.83440942	1.05658484
-0.98102880	0.83520967	1.05658543
-0.98259413	0.83642399	1.05658507
-0.98308396	0.83740616	1.05658722
-0.98423713	0.83781004	1.05658519
-0.98427022	0.83938193	1.05659091
-0.98502278	0.84106660	1.05659485
-0.98601365	0.84245461	1.05659699
-0.98944449	0.84352773	1.05659044
-0.98940134	0.84467614	1.05659485
-0.98985088	0.84610844	1.05659878
-0.99029303	0.84750807	1.05660260
-0.99170148	0.84884584	1.05660331
-0.99254799	0.84987009	1.05660450
-0.99348807	0.85103393	1.05660594
-0.99442023	0.85216522	1.05660725
-0.99517655	0.85324085	1.05660892
-0.99606538	0.85418057	1.05660975
-0.99702263	0.85551125	1.05661178
-0.99759585	0.85649884	1.05661368
-0.99838287	0.85744107	1.05661476
-0.99942112	0.85796094	1.05661345
-0.99917340	0.85902482	1.05661821
-0.99985117	0.85993683	1.05661952
-1.00009131	0.86125606	1.05662358
-1.00067794	0.86301947	1.05662835
-1.00212967	0.86454856	1.05662954
-1.00200844	0.86598420	1.05663526
-1.00437856	0.86741817	1.05663335
-1.00407994	0.86888337	1.05663967
-1.00566292	0.86937511	1.05663669
-1.00645816	0.87080061	1.05663955
-1.00773966	0.87194145	1.05663979
-1.00930512	0.87351727	1.05664086
-1.01013410	0.87437487	1.05664158
-1.01061440	0.87629879	1.05664718
-1.01211202	0.87775970	1.05664802
-1.01183856	0.87879884	1.05665267
-1.01346064	0.87964058	1.05665088
-1.01313949	0.88172251	1.05665958
-1.01362813	0.88287914	1.05666232
-1.01515210	0.88436496	1.05666316
-1.01610494	0.88522851	1.05666351
-1.01711774	0.88617426	1.05666387
-1.01792526	0.88747418	1.05666625
-1.01874602	0.88847363	1.05666745
-1.01946878	0.88949203	1.05666900
-1.01995766	0.89064890	1.05667186
-1.02005482	0.89188051	1.05667603
-1.02056956	0.89306211	1.05667889
-1.02121592	0.89428234	1.05668139
-1.02171695	0.89531338	1.05668366
-1.02253830	0.89676350	1.05668652
-1.02337182	0.89808822	1.05668890
-1.02425206	0.89916998	1.05669022
-1.02524757	0.90039957	1.05669177
-1.02626026	0.90134525	1.05669212
-1.02703428	0.90258777	1.05669439
-1.02931070	0.90405703	1.05669284
-1.02970588	0.90569955	1.05669773
-1.03053939	0.90702415	1.05670011
-1.03034687	0.90832841	1.05670559
-1.03179348	0.90956515	1.05670571
-1.03229082	0.91057998	1.05670798
-1.03262210	0.91167343	1.05671096
-1.03326011	0.91303563	1.05671406
-1.03414500	0.91395897	1.05671477
-1.03520393	0.91528714	1.05671644
-1.03632295	0.91669744	1.05671823
-1.03793538	0.91785550	1.05671763
-1.03790498	0.91906512	1.05672228
-1.03990889	0.92077363	1.05672240
-1.04078043	0.92262256	1.05672657
-1.04177141	0.92401063	1.05672872
-1.04253697	0.92539501	1.05673146
-1.04415810	0.92641127	1.05673039
-1.04426408	0.92750108	1.05673409
-1.04631054	0.92957562	1.05673552
-1.04671001	0.93060923	1.05673814
-1.04766285	0.93147272	1.05673838
-1.04896069	0.93250418	1.05673826
-1.05047536	0.93368119	1.05673802
-1.05130935	0.93438053	1.05673802
-1.05179811	0.93553728	1.05674076
-1.05290008	0.93660617	1.05674136
-1.05369544	0.93740642	1.05674195
-1.05439329	0.93822539	1.05674279
-1.05547392	0.93911135	1.05674279
-1.05647004	0.93971586	1.05674195
-1.05739784	0.94038004	1.05674160
-1.05838883	0.94176805	1.05674374
-1.05927396	0.94269156	1.05674446
-1.06115460	0.94421923	1.05674434
-1.06131530	0.94554949	1.05674875
-1.06319153	0.94723570	1.05674934
-1.06398726	0.94803602	1.05674982
-1.06463349	0.94925606	1.05675244
-1.06503272	0.95028961	1.05675507
-1.06712627	0.95212138	1.05675542
-1.06754673	0.95333791	1.05675864
-1.07060659	0.95510769	1.05675578
-1.07111669	0.95644748	1.05675924
-1.07318950	0.95792150	1.05675840
-1.07398510	0.95872170	1.05675888
-1.07498097	0.95932621	1.05675805
-1.07463944	0.96042514	1.05676317
-1.07680583	0.96203864	1.05676258
-1.07742202	0.96321785	1.05676508
-1.07837510	0.96408129	1.05676532
-1.07899165	0.96526051	1.05676782
-1.08031094	0.96584964	1.05676591
-1.08135343	0.96683657	1.05676639
-1.08273196	0.96813321	1.05676699
-1.08519912	0.96972311	1.05676544
-1.08621633	0.97113580	1.05676746
-1.08682036	0.97244060	1.05677044
-1.08771348	0.97384733	1.05677295
-1.08880734	0.97443312	1.05677176
-1.08892953	0.97648942	1.05677903
-1.09395170	0.97880173	1.05677223
-1.09450841	0.97989857	1.05677462
-1.09509504	0.98103654	1.05677700
-1.09580123	0.98233891	1.05677974
-1.09718382	0.98302662	1.05677807
-1.09758759	0.98452699	1.05678236
-1.09898329	0.98553967	1.05678189
-1.10017419	0.98628145	1.05678093
-1.10056591	0.98728228	1.05678344
-1.09992504	0.98939574	1.05679321
-1.10325313	0.99090976	1.05678868
-1.10414636	0.99231648	1.05679119
-1.10518050	0.99282002	1.05678988
-1.10767031	0.99379313	1.05678594
-1.10740125	0.99529928	1.05679226
-1.10902798	0.99598265	1.05678988
-1.11097193	0.99715829	1.05678833
-1.11067832	0.99829054	1.05679333
-1.11125135	0.99927807	1.05679524
-1.11202514	1.00052071	1.05679750
-1.11336517	1.00146747	1.05679691
-1.11345780	1.00285745	1.05680180
-1.11277938	1.00489736	1.05681145
-1.11265504	1.00614178	1.05681646
-1.11177611	1.00900269	1.05682969
-1.11158347	1.01030695	1.05683506
-1.11211848	1.01247132	1.05684149
-1.13120878	1.01967478	1.05680990
-1.13301706	1.02079535	1.05680847
-1.13390660	1.02156055	1.05680859
-1.13399839	1.02286124	1.05681312
-1.13559067	1.02392566	1.05681217
-1.13665605	1.02474654	1.05681205
-1.13623798	1.02604735	1.05681813
-1.13979161	1.02819037	1.05681515
-1.14195776	1.02917862	1.05681217
-1.14478600	1.03082705	1.05680966
-1.14568830	1.03191710	1.05681098
-1.14576364	1.03314054	1.05681527
-1.14651585	1.03482509	1.05681920
-1.14839447	1.03661287	1.05682003
-1.14935040	1.03936839	1.05682743
-1.15142703	1.04085898	1.05682659
-1.15391636	1.04245710	1.05682492
-1.15730047	1.04743981	1.05683303
-1.16685009	1.05212951	1.05682123
-1.16858196	1.05345213	1.05682075
-1.16937733	1.05425239	1.05682135
-1.17124391	1.05554044	1.05682039
-1.17173731	1.05653906	1.05682254
-1.17373562	1.05750430	1.05682003
-1.17404509	1.05903983	1.05682480
-1.17545724	1.06101906	1.05682778
-1.17592657	1.06271970	1.05683267
-1.17660260	1.06398082	1.05683529
-1.18134594	1.06596398	1.05682814
-1.18223083	1.06688738	1.05682886
-1.18397081	1.06869328	1.05683029
-1.18664765	1.07039607	1.05682838
-1.18606281	1.07195008	1.05683589
-1.18797362	1.07289362	1.05683351
-1.18763232	1.07399273	1.05683863
-1.19073498	1.07550323	1.05683482
-1.19410121	1.07754183	1.05683208
-1.19512749	1.07863808	1.05683303
-1.20052409	1.08115911	1.05682588
-1.21166861	1.08890307	1.05682051
-1.21491861	1.09266949	1.05682445
-1.21626794	1.09329987	1.05682266
-1.21798480	1.09697294	1.05683112
-1.21878040	1.09777308	1.05683160
-1.21917987	1.09880674	1.05683422
-1.22365642	1.10177219	1.05683148
-1.22659147	1.10541177	1.05683601
-1.22745490	1.10677755	1.05683851
-1.22850561	1.10824764	1.05684066
-1.22825336	1.10946989	1.05684602
-1.22926605	1.11041558	1.05684638
-1.26109195	1.12633801	1.05680811
-1.26451778	1.12845874	1.05680549
-1.26627135	1.12933886	1.05680346
-1.26863325	1.13091505	1.05680203
-1.27054417	1.13185871	1.05679977
-1.27438271	1.13408732	1.05679631
-1.27552283	1.13505530	1.05679631
-1.27716541	1.13625455	1.05679584
-1.29124236	1.13975310	1.05676579
-1.32016242	1.14688385	1.05670381
-1.32219291	1.14736652	1.05669940
-1.35889268	1.14696646	1.05658579
-1.38181555	1.14491999	1.05650818
-1.39732456	1.14019465	1.05644333
-1.41375339	1.13502479	1.05637395
-1.44926536	1.12333894	1.05622220
-1.51846385	1.08820772	1.05588078
-1.55512977	1.06180096	1.05567098
