//X	Y	Z
-0.29332358	-2.99888182	2.70283270
-0.26833767	-2.98416471	2.70279717
-0.26516563	-2.97506928	2.70279074
-0.26562196	-2.97246504	2.70279050
-0.26469558	-2.97094250	2.70278883
-0.25895733	-2.96780753	2.70278072
-0.25742841	-2.96475887	2.70277810
-0.25873739	-2.96121168	2.70277858
-0.25276303	-2.95781279	2.70277023
-0.25077897	-2.95556879	2.70276713
-0.24642223	-2.95315170	2.70276093
-0.23548728	-2.94760847	2.70274568
-0.23510557	-2.94574666	2.70274448
-0.23217362	-2.94351292	2.70274019
-0.22940886	-2.94134450	2.70273614
-0.22339571	-2.93814564	2.70272779
-0.22185546	-2.93676329	2.70272541
-0.22173846	-2.93483186	2.70272470
-0.21917123	-2.93312764	2.70272112
-0.21673208	-2.93168831	2.70271754
-0.21552896	-2.92936921	2.70271540
-0.21574897	-2.92650127	2.70271492
-0.20735675	-2.92012978	2.70270252
-0.20440471	-2.91762996	2.70269799
-0.20262939	-2.91418433	2.70269489
-0.20216930	-2.91019034	2.70269322
-0.20186502	-2.90792799	2.70269227
-0.20180708	-2.90606260	2.70269156
-0.20190895	-2.90306234	2.70269084
-0.20026076	-2.90168095	2.70268846
-0.20117927	-2.89947200	2.70268893
-0.19937426	-2.89815879	2.70268631
-0.19792348	-2.89724159	2.70268416
-0.19659209	-2.89465761	2.70268178
-0.19641602	-2.89265990	2.70268106
-0.19570559	-2.89113522	2.70267987
-0.19476902	-2.88947916	2.70267820
-0.19372982	-2.88829184	2.70267653
-0.19209474	-2.88597679	2.70267391
-0.18938905	-2.88387394	2.70266986
-0.18805754	-2.88128972	2.70266747
-0.18874097	-2.87701726	2.70266700
-0.18933016	-2.87434459	2.70266700
-0.19014055	-2.87213635	2.70266747
-0.18874896	-2.87128544	2.70266557
-0.18728828	-2.87023544	2.70266342
-0.18883348	-2.86695242	2.70266438
-0.18707550	-2.86483908	2.70266151
-0.18709809	-2.86150694	2.70266080
-0.18603325	-2.85958576	2.70265889
-0.18676430	-2.85704541	2.70265913
-0.18519855	-2.85492969	2.70265651
-0.18416417	-2.85340834	2.70265484
-0.18432212	-2.85154080	2.70265436
-0.18336529	-2.84961891	2.70265269
-0.18293464	-2.84782362	2.70265174
-0.18225276	-2.84596539	2.70265031
-0.18304759	-2.84315729	2.70265055
-0.18157893	-2.83837509	2.70264745
-0.18225282	-2.83650160	2.70264769
-0.18175101	-2.83377504	2.70264626
-0.18086344	-2.83205199	2.70264482
-0.18127257	-2.83024764	2.70264482
-0.18060082	-2.82852268	2.70264339
-0.18027806	-2.82672644	2.70264244
-0.18108845	-2.82451844	2.70264292
-0.17915517	-2.82293987	2.70264006
-0.17775351	-2.82195592	2.70263791
-0.17961550	-2.81746984	2.70263910
-0.18041873	-2.81406212	2.70263910
-0.17866361	-2.81088233	2.70263600
-0.18011963	-2.80713439	2.70263696
-0.17891645	-2.80481529	2.70263481
-0.17947221	-2.80280948	2.70263481
-0.17856407	-2.80082011	2.70263314
-0.17832911	-2.79875684	2.70263219
-0.17678893	-2.79737449	2.70263004
-0.15866220	-2.78884578	2.70260477
-0.15966290	-2.78590226	2.70260525
-0.16643071	-2.77629709	2.70261097
-0.17841369	-2.75916886	2.70262146
-0.18046772	-2.75467992	2.70262265
-0.18139803	-2.75333691	2.70262361
-0.18154889	-2.75026917	2.70262289
-0.18099821	-2.74760962	2.70262146
-0.18192858	-2.74626660	2.70262218
-0.18121809	-2.74474168	2.70262098
-0.18058157	-2.74308205	2.70261979
-0.18183702	-2.73993587	2.70262051
-0.18245190	-2.73799634	2.70262074
-0.18374968	-2.73611522	2.70262170
-0.18208963	-2.73386860	2.70261908
-0.18304324	-2.73172474	2.70261955
-0.18221468	-2.73006797	2.70261812
-0.18208754	-2.72800350	2.70261741
-0.18249476	-2.72546649	2.70261717
-0.18230247	-2.72033691	2.70261550
-0.18327469	-2.71772671	2.70261598
-0.18320638	-2.71572804	2.70261550
-0.18314129	-2.71266294	2.70261455
-0.18404126	-2.71092033	2.70261502
-0.18376750	-2.70905733	2.70261431
-0.18352759	-2.70732760	2.70261359
-0.18473583	-2.70498133	2.70261431
-0.18566632	-2.70363808	2.70261526
-0.18238860	-2.70040894	2.70261025
-0.18435562	-2.69698858	2.70261168
-0.18309319	-2.69460344	2.70260930
-0.18172777	-2.69188547	2.70260692
-0.18317240	-2.68980312	2.70260811
-0.18418509	-2.68772578	2.70260882
-0.18342382	-2.68553519	2.70260739
-0.18229997	-2.68354797	2.70260525
-0.18585467	-2.67810988	2.70260835
-0.18682688	-2.67549992	2.70260882
-0.18953949	-2.67193842	2.70261121
-0.18787032	-2.66948986	2.70260859
-0.18952364	-2.66620588	2.70260954
-0.18960577	-2.66374063	2.70260906
-0.19053620	-2.66239691	2.70260978
-0.19117087	-2.65992284	2.70261002
-0.18849725	-2.65722108	2.70260596
-0.18987191	-2.65413904	2.70260668
-0.18592495	-2.65071869	2.70260072
-0.18921012	-2.64568377	2.70260358
-0.19087225	-2.64260054	2.70260477
-0.19005507	-2.64100909	2.70260334
-0.19022495	-2.63827610	2.70260286
-0.18939626	-2.63661909	2.70260119
-0.19029391	-2.63507390	2.70260191
-0.19137758	-2.63219690	2.70260262
-0.19020128	-2.63054276	2.70260072
-0.18959147	-2.62781692	2.70259905
-0.18904084	-2.62515736	2.70259762
-0.18951738	-2.62281942	2.70259762
-0.18880910	-2.61769605	2.70259523
-0.19033587	-2.61487913	2.70259643
-0.19112599	-2.61240530	2.70259666
-0.19149643	-2.61080122	2.70259666
-0.19020081	-2.60908294	2.70259476
-0.18965012	-2.60642338	2.70259333
-0.19107258	-2.60334229	2.70259428
-0.19131285	-2.60074043	2.70259380
-0.19243515	-2.59766316	2.70259428
-0.19313049	-2.59425640	2.70259428
-0.19400954	-2.59144688	2.70259452
-0.19492865	-2.59003830	2.70259523
-0.19451642	-2.58777714	2.70259428
-0.19372714	-2.58505082	2.70259237
-0.19435322	-2.58144450	2.70259213
-0.19403869	-2.57904911	2.70259118
-0.19502348	-2.57637477	2.70259166
-0.19580531	-2.57449985	2.70259213
-0.19704998	-2.57215118	2.70259309
-0.19556397	-2.56943727	2.70259047
-0.19625944	-2.56776166	2.70259094
-0.19593370	-2.56530118	2.70258975
-0.19831258	-2.55900979	2.70259094
-0.19935042	-2.55686426	2.70259166
-0.19791168	-2.55508208	2.70258951
-0.19789535	-2.55194998	2.70258856
-0.19972587	-2.54886413	2.70258999
-0.19951099	-2.54706669	2.70258927
-0.19915766	-2.54487109	2.70258808
-0.19873542	-2.54247665	2.70258689
-0.19825381	-2.54001617	2.70258570
-0.19823766	-2.53688407	2.70258474
-0.19848913	-2.53261590	2.70258403
-0.19762284	-2.52935958	2.70258188
-0.19798124	-2.52689004	2.70258164
-0.19749975	-2.52442932	2.70258045
-0.19824290	-2.52275491	2.70258093
-0.19819498	-2.52102232	2.70258045
-0.19963342	-2.51594114	2.70258069
-0.19797635	-2.51262760	2.70257783
-0.19938326	-2.50894666	2.70257854
-0.19662970	-2.50511146	2.70257401
-0.19861394	-2.49789166	2.70257449
-0.19965631	-2.49368143	2.70257449
-0.20080370	-2.49053645	2.70257521
-0.20014691	-2.48861051	2.70257378
-0.20055431	-2.48607349	2.70257354
-0.20210969	-2.48292375	2.70257473
-0.19990790	-2.47994924	2.70257115
-0.20274556	-2.47431850	2.70257306
-0.20181614	-2.47213125	2.70257139
-0.20221990	-2.46986032	2.70257115
-0.20298809	-2.46811819	2.70257163
-0.20225257	-2.46666098	2.70257044
-0.20104933	-2.46434140	2.70256829
-0.20081425	-2.46227813	2.70256734
-0.19933313	-2.46096182	2.70256519
-0.19865417	-2.45803690	2.70256352
-0.19891822	-2.45543528	2.70256305
-0.19805199	-2.45217943	2.70256114
-0.19794506	-2.45038104	2.70256042
-0.19811612	-2.44758034	2.70255995
-0.19912887	-2.44550204	2.70256066
-0.20002890	-2.44375992	2.70256114
-0.19743115	-2.44165587	2.70255733
-0.19863415	-2.43884277	2.70255804
-0.19607162	-2.43680501	2.70255423
-0.19640011	-2.43473673	2.70255423
-0.19704479	-2.43239546	2.70255423
-0.19598347	-2.43020844	2.70255232
-0.19653934	-2.42820311	2.70255256
-0.19547987	-2.42674899	2.70255089
-0.19519591	-2.42475295	2.70254993
-0.19576180	-2.42288017	2.70255017
-0.19455570	-2.42162776	2.70254827
-0.19409460	-2.41943336	2.70254707
-0.19314778	-2.41764450	2.70254540
-0.19272548	-2.41525006	2.70254421
-0.19176865	-2.41332793	2.70254230
-0.19093990	-2.41167092	2.70254087
-0.19052780	-2.40940928	2.70253968
-0.19124037	-2.40733552	2.70254016
-0.19053292	-2.40474391	2.70253849
-0.18914747	-2.39742827	2.70253468
-0.18879414	-2.39523315	2.70253372
-0.18728262	-2.39351726	2.70253134
-0.18784857	-2.39164448	2.70253134
-0.18780088	-2.38991261	2.70253086
-0.18535268	-2.38654089	2.70252681
-0.18472463	-2.38428187	2.70252538
-0.18412203	-2.38275576	2.70252419
-0.18305719	-2.38083482	2.70252228
-0.18271405	-2.37877226	2.70252132
-0.18171853	-2.37705064	2.70251966
-0.18182886	-2.37518167	2.70251918
-0.18046451	-2.37406588	2.70251727
-0.17870969	-2.37261724	2.70251465
-0.17875850	-2.37081885	2.70251417
-0.17841184	-2.36902261	2.70251322
-0.17563993	-2.36738515	2.70250940
-0.17468315	-2.36546326	2.70250750
-0.17456973	-2.36326623	2.70250678
-0.17328238	-2.36094856	2.70250463
-0.17405057	-2.35920668	2.70250511
-0.17265582	-2.35769081	2.70250297
-0.17129576	-2.35543966	2.70250058
-0.16919065	-2.35413051	2.70249748
-0.16811585	-2.35207653	2.70249557
-0.16789079	-2.35014629	2.70249486
-0.16614300	-2.34816647	2.70249200
-0.16639525	-2.34643030	2.70249176
-0.16464460	-2.34551692	2.70248938
-0.16358095	-2.34179688	2.70248699
-0.16354322	-2.34019780	2.70248652
-0.16180742	-2.33908367	2.70248413
-0.16104805	-2.33762598	2.70248270
-0.15989202	-2.33450699	2.70248032
-0.16019124	-2.33197069	2.70248008
-0.15820730	-2.32972717	2.70247698
-0.15903080	-2.32658577	2.70247698
-0.15929443	-2.32491422	2.70247698
-0.15610605	-2.32215071	2.70247221
-0.15484375	-2.31976509	2.70246983
-0.15558803	-2.31629133	2.70246983
-0.15344304	-2.31525111	2.70246696
-0.15245873	-2.31186271	2.70246482
-0.15029281	-2.30975485	2.70246148
-0.15112662	-2.30674624	2.70246172
-0.15105307	-2.30428076	2.70246077
-0.14858168	-2.30170941	2.70245695
-0.14949477	-2.29903364	2.70245743
-0.14897633	-2.29750586	2.70245624
-0.14632493	-2.29580307	2.70245242
-0.14745265	-2.29152274	2.70245266
-0.14737970	-2.28985810	2.70245218
-0.14482147	-2.28835535	2.70244861
-0.14286494	-2.28757739	2.70244598
-0.14318568	-2.28350854	2.70244527
-0.14386660	-2.27943325	2.70244479
-0.14240700	-2.27658391	2.70244217
-0.14082074	-2.27420211	2.70243955
-0.13828215	-2.27216434	2.70243573
-0.13455212	-2.26867342	2.70243025
-0.13366449	-2.26695037	2.70242858
-0.13319135	-2.26389027	2.70242715
-0.13375407	-2.25795197	2.70242620
-0.13133639	-2.25497961	2.70242238
-0.12790900	-2.25301862	2.70241737
-0.12552908	-2.25164580	2.70241404
-0.12628743	-2.24543905	2.70241332
-0.12483492	-2.24378920	2.70241094
-0.12600958	-2.23697782	2.70241070
-0.12618071	-2.23417687	2.70240998
-0.12507534	-2.23172331	2.70240808
-0.12461418	-2.22952890	2.70240688
-0.12344968	-2.22700953	2.70240450
-0.12364101	-2.22447491	2.70240426
-0.12360331	-2.22287536	2.70240378
-0.11917448	-2.22132587	2.70239758
-0.11835086	-2.21500325	2.70239496
-0.11722827	-2.21121716	2.70239234
-0.11794963	-2.20421243	2.70239139
-0.11661825	-2.20335913	2.70238948
-0.11561346	-2.19970489	2.70238709
-0.11378828	-2.19812536	2.70238447
0.02152053	-2.18576956	2.70221043
0.11708736	-2.18203568	2.70208883
0.12186477	-2.17795682	2.70208168
0.11968610	-2.17226768	2.70208287
0.11861503	-2.16772389	2.70208311
0.12176567	-2.15709567	2.70207620
0.12303683	-2.14331365	2.70207071
0.12452400	-2.14072943	2.70206809
0.12386024	-2.13872266	2.70206833
0.12519559	-2.12954068	2.70206428
0.12036917	-2.12408876	2.70206881
0.19440791	-2.01581264	2.70194530
0.19463301	-2.01388216	2.70194459
0.19477737	-2.01048493	2.70194340
0.19258556	-1.99439871	2.70194173
0.19433838	-1.98762035	2.70193768
0.19458976	-1.98242474	2.70193601
0.19725269	-1.97725606	2.70193124
0.20178375	-1.97357404	2.70192432
0.20467155	-1.96647513	2.70191884
0.20730816	-1.96457160	2.70191503
0.20818493	-1.93972301	2.70190692
0.21096766	-1.92422569	2.70189905
0.21472815	-1.92033517	2.70189333
0.21640155	-1.91388893	2.70188951
0.22264263	-1.90982652	2.70188046
0.22240010	-1.89416218	2.70187640
0.22203055	-1.89002585	2.70187569
0.23380184	-1.87909424	2.70185781
0.40233144	-1.84124994	2.70163488
0.40597889	-1.84215701	2.70163059
0.41179749	-1.84048915	2.70162272
0.44392395	-1.84664285	2.70158386
0.45632404	-1.86011207	2.70157218
0.46024430	-1.85735655	2.70156646
0.47084051	-1.87053740	2.70155668
0.50168204	-1.85681593	2.70151401
0.50533336	-1.86058915	2.70151043
0.50836599	-1.85955632	2.70150638
0.51019418	-1.85904384	2.70150375
0.51319128	-1.86320901	2.70150113
0.51596433	-1.86164021	2.70149732
0.51814270	-1.86299765	2.70149493
0.52253246	-1.86811125	2.70149088
0.52531862	-1.86747587	2.70148706
0.53003073	-1.86646211	2.70148087
0.53397232	-1.86523950	2.70147562
0.53553498	-1.86718965	2.70147419
0.53860015	-1.86935651	2.70147085
0.54299182	-1.87373710	2.70146656
0.54638273	-1.87517452	2.70146275
0.54929829	-1.87607324	2.70145941
0.55300468	-1.87691414	2.70145488
0.55784523	-1.87563515	2.70144844
0.56122494	-1.87540627	2.70144415
0.56731772	-1.87620664	2.70143652
0.56918877	-1.87876022	2.70143509
0.57478982	-1.87782240	2.70142770
0.57685423	-1.87704587	2.70142484
0.57864130	-1.87613547	2.70142221
0.58207107	-1.87437165	2.70141745
0.58376384	-1.87532389	2.70141554
0.58551985	-1.87734473	2.70141411
0.58962107	-1.87725735	2.70140886
0.59189844	-1.87714744	2.70140600
0.59387338	-1.87683582	2.70140338
0.59512830	-1.87905157	2.70140243
0.59857941	-1.88222229	2.70139885
0.60115069	-1.88338411	2.70139599
0.60275102	-1.88373506	2.70139408
0.60489702	-1.88622475	2.70139194
0.60879081	-1.88673437	2.70138717
0.61220306	-1.88970506	2.70138383
0.61690694	-1.88809144	2.70137739
0.61921883	-1.88871670	2.70137477
0.62144315	-1.88907480	2.70137191
0.62437999	-1.89150691	2.70136905
0.62613904	-1.89119315	2.70136666
0.63237512	-1.89192915	2.70135903
0.63923222	-1.89160538	2.70135021
0.64170283	-1.89156640	2.70134711
0.64429164	-1.89139509	2.70134377
0.64806432	-1.89097059	2.70133901
0.65078127	-1.89053416	2.70133543
0.65370703	-1.89129984	2.70133185
0.66089880	-1.88831425	2.70132208
0.66200644	-1.88945973	2.70132089
0.66753089	-1.88992095	2.70131421
0.67001176	-1.88974869	2.70131087
0.67184818	-1.88983572	2.70130873
0.67383635	-1.89045751	2.70130634
0.67623770	-1.89061761	2.70130324
0.67826146	-1.89037347	2.70130062
0.68050605	-1.89046526	2.70129800
0.68260205	-1.89108849	2.70129538
0.68614876	-1.89079463	2.70129085
0.68916929	-1.89062786	2.70128703
0.69192982	-1.89072561	2.70128345
0.69416118	-1.88988411	2.70128059
0.69685078	-1.89091361	2.70127749
0.70003289	-1.89114904	2.70127344
0.70483571	-1.89146912	2.70126748
0.70866030	-1.89217806	2.70126295
0.71214783	-1.89195049	2.70125842
0.71833503	-1.89261913	2.70125079
0.72273171	-1.89220142	2.70124507
0.72685039	-1.89078104	2.70123959
0.73047650	-1.89015496	2.70123482
0.73263150	-1.89071214	2.70123219
0.73534846	-1.89027596	2.70122862
0.74039763	-1.89019871	2.70122242
0.74400342	-1.88983905	2.70121765
0.74683833	-1.88927066	2.70121384
0.74892426	-1.89002705	2.70121145
0.75171036	-1.88939166	2.70120788
0.75467366	-1.88855815	2.70120382
0.76063073	-1.88649189	2.70119572
0.76315033	-1.88651991	2.70119262
0.76496840	-1.88614023	2.70119023
0.76710308	-1.88696373	2.70118785
0.76910853	-1.88625300	2.70118499
0.77144080	-1.88661194	2.70118213
0.77456391	-1.88691330	2.70117831
0.77641344	-1.88793373	2.70117640
0.78062284	-1.88784719	2.70117092
0.78339887	-1.88734496	2.70116735
0.78626549	-1.88817680	2.70116401
0.79393804	-1.88699377	2.70115399
0.80389178	-1.89023709	2.70114231
0.81591618	-1.89916801	2.70112967
0.82034063	-1.90674829	2.70112610
0.82481766	-1.90779781	2.70112085
0.91777176	-1.82599306	2.70098090
0.92270911	-1.82304859	2.70097399
0.92503393	-1.82460749	2.70097136
0.92917407	-1.82472014	2.70096612
0.94070554	-1.81551814	2.70094919
0.94376564	-1.81301928	2.70094466
0.94601130	-1.81491065	2.70094228
0.95026726	-1.81129265	2.70093584
0.95270646	-1.80985343	2.70093250
0.95428824	-1.80973816	2.70093036
0.95732802	-1.80750549	2.70092607
1.07968056	-1.69023716	2.70073915
1.08793342	-1.69192839	2.70072937
1.09375930	-1.68906057	2.70072103
1.09632051	-1.69035566	2.70071816
1.09800005	-1.69037437	2.70071626
1.10201597	-1.69361806	2.70071197
1.10494173	-1.69438374	2.70070863
1.10996950	-1.69277346	2.70070171
1.11324215	-1.69434297	2.70069814
1.11919522	-1.68941081	2.70068908
1.12305140	-1.69151974	2.70068479
1.12844765	-1.69224620	2.70067835
1.13234138	-1.69275618	2.70067358
1.13768482	-1.69054937	2.70066619
1.14027345	-1.69037831	2.70066285
1.14282072	-1.68894029	2.70065928
1.14553738	-1.68850410	2.70065570
1.14757442	-1.68919325	2.70065331
1.15119040	-1.68870020	2.70064855
1.15315795	-1.68958879	2.70064640
1.15607977	-1.68748820	2.70064211
1.15774202	-1.68883991	2.70064044
1.16094816	-1.68907464	2.70063639
1.16284013	-1.68882990	2.70063400
1.16474879	-1.68978417	2.70063186
1.16721940	-1.68974507	2.70062876
1.16890931	-1.68963063	2.70062661
1.17192149	-1.68886423	2.70062256
1.17440212	-1.68869221	2.70061946
1.17670393	-1.68945050	2.70061660
1.18068695	-1.68949509	2.70061159
1.18264377	-1.68871713	2.70060897
1.18595409	-1.68868744	2.70060492
1.18919539	-1.68885684	2.70060086
1.19248533	-1.68909335	2.70059681
1.19780135	-1.68835258	2.70058990
1.19974780	-1.68770778	2.70058727
1.20174289	-1.68713033	2.70058441
1.20548034	-1.68677115	2.70057964
1.20704865	-1.68652272	2.70057774
1.20911312	-1.68574607	2.70057487
1.21119416	-1.68616855	2.70057225
1.21330857	-1.68725824	2.70056987
1.21660876	-1.68736160	2.70056581
1.21846557	-1.68718219	2.70056343
1.22044253	-1.68613815	2.70056057
1.22369289	-1.68437493	2.70055604
1.22681701	-1.68647563	2.70055270
1.22869527	-1.68782938	2.70055079
1.23589611	-1.68291140	2.70054030
1.24309635	-1.68998933	2.70053315
1.25249219	-1.68762803	2.70052075
1.25761962	-1.68541956	2.70051360
1.26194596	-1.68340147	2.70050764
1.26539600	-1.68477273	2.70050359
1.26853132	-1.68853974	2.70050073
1.27096140	-1.68903303	2.70049787
1.27199972	-1.69037771	2.70049691
1.27382910	-1.69166410	2.70049477
1.27826571	-1.69324601	2.70048976
1.27960944	-1.69412756	2.70048833
1.28295863	-1.69429791	2.70048404
1.28734505	-1.69401336	2.70047855
1.28956032	-1.69630396	2.70047641
1.29568326	-1.69237351	2.70046759
1.30209482	-1.69364405	2.70045972
1.30857217	-1.68931735	2.70045042
1.31109059	-1.68754601	2.70044684
1.31361020	-1.68757391	2.70044351
1.32152247	-1.68293059	2.70043230
1.32372546	-1.68175554	2.70042920
1.32809556	-1.68460321	2.70042443
1.33103132	-1.68523574	2.70042109
1.33396733	-1.68586826	2.70041752
1.33675337	-1.68523288	2.70041370
1.33951926	-1.68486357	2.70041013
1.35143125	-1.67713225	2.70039296
1.35373187	-1.67609143	2.70038986
1.35725117	-1.67726374	2.70038581
1.36144924	-1.67551100	2.70037985
1.36388814	-1.67407203	2.70037651
1.36574697	-1.67315984	2.70037389
1.36739922	-1.67464459	2.70037222
1.36891353	-1.67399526	2.70037007
1.37146163	-1.67435682	2.70036697
1.37463367	-1.67472506	2.70036316
1.37670124	-1.67501497	2.70036054
1.37901306	-1.67564046	2.70035791
1.38136554	-1.67573345	2.70035481
1.38569307	-1.67551494	2.70034933
1.38768816	-1.67493725	2.70034671
1.38947761	-1.67422426	2.70034432
1.39165854	-1.67404819	2.70034146
1.39362800	-1.67420363	2.70033908
1.39538527	-1.67462289	2.70033693
1.39834845	-1.67378950	2.70033288
1.40074992	-1.67394960	2.70033002
1.40249872	-1.67376924	2.70032763
1.40411949	-1.67385375	2.70032573
1.40683639	-1.67341745	2.70032215
1.40937901	-1.67424583	2.70031905
1.41092753	-1.67346311	2.70031691
1.41255116	-1.67461419	2.70031524
1.41577208	-1.67505002	2.70031142
1.41950607	-1.67442501	2.70030642
1.42166114	-1.67498231	2.70030379
1.42486358	-1.67495120	2.70029974
1.42753172	-1.67444766	2.70029640
1.43009996	-1.67454290	2.70029306
1.43181551	-1.67369545	2.70029068
1.43354881	-1.67411506	2.70028877
1.43616343	-1.67321038	2.70028520
1.43737340	-1.67482400	2.70028400
1.44021869	-1.67412257	2.70028019
1.44227350	-1.67440879	2.70027781
1.44427907	-1.67369819	2.70027494
1.44656169	-1.67305994	2.70027208
1.44934833	-1.67335486	2.70026851
1.45108652	-1.67237747	2.70026612
1.45233297	-1.67405462	2.70026493
1.45396388	-1.67400622	2.70026278
1.45564342	-1.67402470	2.70026088
1.45795488	-1.67371988	2.70025778
1.45912170	-1.67479908	2.70025659
1.46219528	-1.67416418	2.70025253
1.46371686	-1.67571640	2.70025110
1.46852958	-1.67590332	2.70024514
1.47226119	-1.67341113	2.70023966
1.47348833	-1.67449236	2.70023847
1.47535801	-1.67697775	2.70023680
1.47917140	-1.67602062	2.70023179
1.48153543	-1.67604840	2.70022869
1.48534846	-1.67509127	2.70022368
1.48753285	-1.67518115	2.70022082
1.48967683	-1.67407191	2.70021796
1.49170446	-1.67669344	2.70021605
1.49479723	-1.67739439	2.70021248
1.49772274	-1.67815995	2.70020890
1.50127864	-1.67593384	2.70020390
1.50392640	-1.67569649	2.70020032
1.50658429	-1.67532635	2.70019698
1.50802875	-1.67740846	2.70019579
1.51068676	-1.67703819	2.70019221
1.51429129	-1.67487884	2.70018721
1.52101803	-1.67122173	2.70017767
1.52263880	-1.67130637	2.70017552
1.52444661	-1.67105973	2.70017314
1.52729189	-1.67035830	2.70016956
1.53144455	-1.66880453	2.70016384
1.53376365	-1.66822994	2.70016074
1.53494525	-1.66951013	2.70015955
1.53703630	-1.66979945	2.70015693
1.54046965	-1.66997147	2.70015264
1.54288125	-1.66999853	2.70014977
1.54708767	-1.66884542	2.70014405
1.54890692	-1.67026496	2.70014215
1.55231762	-1.66883588	2.70013738
1.55368936	-1.67085147	2.70013642
1.55726767	-1.67195749	2.70013213
1.56342554	-1.66969264	2.70012379
1.56551266	-1.67224824	2.70012188
1.56913352	-1.67642069	2.70011830
1.57168472	-1.67784870	2.70011568
1.57451475	-1.68207872	2.70011330
1.57764900	-1.68404639	2.70010972
1.58358490	-1.68044710	2.70010138
1.59639585	-1.67265904	2.70008302
1.59927249	-1.67335773	2.70007944
1.60167408	-1.67351758	2.70007658
1.60474813	-1.67375207	2.70007277
1.60680449	-1.67670715	2.70007110
1.60872245	-1.67572904	2.70006824
1.61073899	-1.67668450	2.70006609
1.61396909	-1.67518735	2.70006156
1.61588240	-1.67474461	2.70005894
1.61795807	-1.67563403	2.70005655
1.62148762	-1.67667317	2.70005250
1.62515223	-1.67624724	2.70004773
1.62668633	-1.67786396	2.70004630
1.62874055	-1.67722011	2.70004344
1.63076735	-1.67804265	2.70004106
1.63269317	-1.67766428	2.70003867
1.63687515	-1.67904377	2.70003366
1.64102554	-1.67902339	2.70002842
1.64696229	-1.67722321	2.70002055
1.65367818	-1.67623138	2.70001173
1.65513468	-1.67744756	2.70001030
1.66077721	-1.67777705	2.70000315
1.66433406	-1.67734993	2.69999862
1.66618085	-1.67730379	2.69999623
1.66831326	-1.67625976	2.69999337
1.67035139	-1.67701674	2.69999099
1.67376876	-1.67692006	2.69998670
1.67577600	-1.67980802	2.69998479
1.67777157	-1.67923045	2.69998217
1.68050969	-1.67859614	2.69997859
1.68338764	-1.68282533	2.69997621
1.68522704	-1.68397844	2.69997406
1.69424844	-1.68054867	2.69996190
1.69890153	-1.67960072	2.69995570
1.70238900	-1.67937303	2.69995117
1.70429778	-1.68032718	2.69994903
1.70841646	-1.67890668	2.69994354
1.71044338	-1.67972922	2.69994116
1.71543348	-1.67971814	2.69993496
1.71960509	-1.68123078	2.69992995
1.72247171	-1.68206251	2.69992661
1.72694898	-1.68311167	2.69992137
1.72922194	-1.68353713	2.69991851
1.73388517	-1.68245614	2.69991231
1.73763585	-1.68303013	2.69990778
1.73955178	-1.68278480	2.69990540
1.74114490	-1.68433547	2.69990373
1.74301183	-1.68402314	2.69990134
1.74541354	-1.68418300	2.69989824
1.74694133	-1.68366647	2.69989634
1.74879575	-1.68502069	2.69989419
1.75099874	-1.68384564	2.69989109
1.75272179	-1.68612969	2.69988966
1.75467587	-1.68688548	2.69988751
1.75790703	-1.68718791	2.69988346
1.76485300	-1.69153154	2.69987583
1.76670408	-1.69435108	2.69987440
1.76864004	-1.69383955	2.69987178
1.77162492	-1.69453895	2.69986820
1.77342260	-1.69442582	2.69986582
1.77687252	-1.69579697	2.69986200
1.77833748	-1.69761276	2.69986057
1.78265357	-1.69572806	2.69985461
1.78634238	-1.69530153	2.69984984
1.78967476	-1.69427311	2.69984531
1.79131508	-1.69662356	2.69984388
1.79350758	-1.69558156	2.69984078
1.79610884	-1.69887614	2.69983840
1.79925311	-1.70071054	2.69983506
1.80677915	-1.69759536	2.69982481
1.80891275	-1.69661927	2.69982171
1.81075966	-1.69657290	2.69981933
1.82028437	-1.69141448	2.69980597
1.82529068	-1.69773519	2.69980145
1.83028102	-1.69772387	2.69979501
1.83370233	-1.69876194	2.69979119
1.83722162	-1.69993401	2.69978690
1.84001875	-1.70096505	2.69978380
1.84653783	-1.69790506	2.69977474
1.84877455	-1.70172882	2.69977283
1.85039496	-1.70181346	2.69977093
1.86732984	-1.69386935	2.69974732
1.86939430	-1.69309247	2.69974446
1.87131524	-1.69318092	2.69974208
1.87332034	-1.69247007	2.69973946
1.87626815	-1.69396806	2.69973612
1.87919390	-1.69473374	2.69973254
1.88146687	-1.69515896	2.69972992
1.88465822	-1.69346166	2.69972539
1.88968241	-1.69158578	2.69971848
1.89196277	-1.69081116	2.69971538
1.89478350	-1.69091117	2.69971180
1.90011907	-1.68903530	2.69970465
1.90281749	-1.68813276	2.69970107
1.90419412	-1.69048190	2.69969988
1.90670514	-1.69504273	2.69969797
1.91467643	-1.69379544	2.69968772
1.91774046	-1.69416296	2.69968390
1.92415667	-1.69403625	2.69967580
1.92676687	-1.69539845	2.69967294
1.93510222	-1.69442284	2.69966197
1.93655670	-1.69637191	2.69966078
1.93889928	-1.69659793	2.69965792
1.94149804	-1.69629359	2.69965458
1.94411719	-1.69572270	2.69965100
1.94610238	-1.69527841	2.69964838
1.94985640	-1.69438720	2.69964337
1.95561337	-1.69171858	2.69963551
1.95898247	-1.69162297	2.69963121
1.96227193	-1.69005990	2.69962668
1.96546412	-1.69016194	2.69962263
1.96768212	-1.69351947	2.69962072
1.97289729	-1.69157803	2.69961357
1.98035502	-1.69046092	2.69960380
1.98231161	-1.68968332	2.69960117
1.98942530	-1.69829321	2.69959474
1.99838340	-1.69379425	2.69958210
2.00460005	-1.69226432	2.69957376
2.00619125	-1.69454765	2.69957256
2.00785446	-1.69769859	2.69957137
2.01018906	-1.70165658	2.69956946
2.01144624	-1.70406973	2.69956851
2.01886439	-1.70095336	2.69955826
2.02956104	-1.69640720	2.69954348
2.03603220	-1.70021176	2.69953632
2.05726528	-1.70198059	2.69951010
2.06121206	-1.70542383	2.69950604
2.08010149	-1.71029913	2.69948363
2.08624601	-1.70790172	2.69947529
2.09093165	-1.71015310	2.69947004
2.10176921	-1.70880747	2.69945598
2.10645080	-1.70819271	2.69944978
2.11119461	-1.70857894	2.69944406
2.12296128	-1.70677710	2.69942856
2.13224816	-1.70261562	2.69941592
2.14590573	-1.69616914	2.69939685
2.14880967	-1.69540179	2.69939303
2.16552258	-1.68872321	2.69936991
2.18671417	-1.70382106	2.69934750
2.28350401	-1.68543756	2.69922042
2.28583598	-1.68579674	2.69921756
2.29079986	-1.68905115	2.69921207
2.37277460	-1.64571059	2.69909692
2.38467669	-1.63297999	2.69907832
2.37915111	-1.63071930	2.69908476
2.37204814	-1.61431170	2.69908905
2.34779716	-1.59998107	2.69911575
2.35171318	-1.40695095	2.69905710
2.39708328	-1.41052175	2.69900107
2.40929604	-1.41145718	2.69898582
2.43699050	-1.41463172	2.69895172
2.44604588	-1.41793168	2.69894123
2.46701479	-1.42656255	2.69891739
2.47352934	-1.41370511	2.69890547
2.47507048	-1.41412210	2.69890380
2.48612189	-1.41864347	2.69889092
2.49279594	-1.41898525	2.69888258
2.50095844	-1.41934252	2.69887257
2.51236558	-1.40553856	2.69885421
2.51645660	-1.40558434	2.69884920
2.51827741	-1.40627146	2.69884706
2.52134204	-1.40663862	2.69884324
2.52506113	-1.40841317	2.69883919
2.52922297	-1.41005898	2.69883442
2.53111029	-1.40948021	2.69883180
2.53830004	-1.40722752	2.69882202
2.54085612	-1.40385699	2.69881797
2.54356289	-1.40355372	2.69881439
2.55292130	-1.40712321	2.69880366
2.55676222	-1.40469992	2.69879818
2.55896640	-1.40532422	2.69879556
2.56213617	-1.40209401	2.69879055
2.56454849	-1.40392029	2.69878817
2.56783485	-1.40129066	2.69878316
2.57264161	-1.40447688	2.69877791
2.57575464	-1.40491140	2.69877434
2.57847166	-1.40447485	2.69877076
2.58231807	-1.40158474	2.69876504
2.58628464	-1.40476155	2.69876099
2.58975625	-1.40766573	2.69875741
2.59381056	-1.41110992	2.69875312
2.60596395	-1.41977596	2.69874024
2.61397552	-1.42652965	2.69873214
2.61579323	-1.42615008	2.69872975
2.62425303	-1.42977619	2.69871998
2.63021088	-1.42950928	2.69871235
2.63223886	-1.42266726	2.69870806
2.60001945	-1.38925171	2.69873929
2.59452629	-1.39019036	2.69874644
2.59175038	-1.39069271	2.69875002
2.58753109	-1.39091229	2.69875550
2.58503580	-1.39348400	2.69875932
2.58269072	-1.39219129	2.69876194
2.58075476	-1.39270282	2.69876456
2.57623315	-1.39192033	2.69877005
2.57187414	-1.39073884	2.69877529
2.57013559	-1.39078617	2.69877744
2.56384635	-1.38711727	2.69878435
2.55896306	-1.38532996	2.69879007
2.55743289	-1.38657939	2.69879222
2.55330205	-1.38453400	2.69879699
2.55045605	-1.38343620	2.69880009
2.54670620	-1.38639247	2.69880581
2.54412746	-1.38643050	2.69880891
2.54250669	-1.38634574	2.69881105
2.53840494	-1.38723433	2.69881630
2.53706241	-1.38815248	2.69881845
2.53256702	-1.38583553	2.69882345
2.53054070	-1.38501334	2.69882560
2.52870107	-1.38385975	2.69882774
2.52646971	-1.38470137	2.69883084
2.52291894	-1.38212907	2.69883442
2.52033019	-1.38230050	2.69883776
2.51795721	-1.38247383	2.69884086
2.51667261	-1.38152623	2.69884229
2.51489234	-1.38030696	2.69884419
2.51035714	-1.38112283	2.69885015
2.50828123	-1.38023353	2.69885254
2.50542474	-1.37926841	2.69885588
2.50235081	-1.37903440	2.69885969
2.49812007	-1.37758756	2.69886446
2.49514532	-1.37675488	2.69886804
2.49330568	-1.37560153	2.69886994
2.48837376	-1.37374699	2.69887567
2.48314738	-1.37402225	2.69888234
2.48122454	-1.37373614	2.69888473
2.47805262	-1.37336779	2.69888854
2.47534966	-1.37313581	2.69889188
2.47161174	-1.37089467	2.69889617
2.46385050	-1.36660957	2.69890475
2.46142220	-1.36791551	2.69890809
2.45971084	-1.36649704	2.69890976
2.45818043	-1.36774611	2.69891214
2.45598388	-1.36592221	2.69891429
2.45152807	-1.36640573	2.69892025
2.44991851	-1.36798728	2.69892263
2.44509864	-1.36900008	2.69892907
2.43749833	-1.36764920	2.69893813
2.43556213	-1.36816096	2.69894075
2.43269539	-1.36732936	2.69894409
2.43053436	-1.36977124	2.69894743
2.42325974	-1.37715459	2.69895887
2.42139125	-1.37646878	2.69896102
2.41568542	-1.37333941	2.69896722
2.41301727	-1.37384284	2.69897079
2.40643859	-1.37003660	2.69897795
2.40377092	-1.36800814	2.69898081
2.39419365	-1.36076951	2.69899082
2.39031720	-1.35892689	2.69899511
2.38578367	-1.36334157	2.69900227
2.37932825	-1.36920142	2.69901204
2.37778807	-1.37058353	2.69901419
2.37331986	-1.37273407	2.69902039
2.36938429	-1.37095737	2.69902492
2.36684465	-1.37119567	2.69902825
2.36102819	-1.37132990	2.69903564
2.35339546	-1.36677969	2.69904399
2.35155582	-1.36562622	2.69904590
2.34681225	-1.36524010	2.69905186
2.34371042	-1.36647189	2.69905615
2.33519006	-1.37310839	2.69906855
2.33352232	-1.37222397	2.69907045
2.32958388	-1.36938047	2.69907475
2.32586813	-1.36614060	2.69907856
2.32402682	-1.36571980	2.69908071
2.32232141	-1.36643434	2.69908309
2.32044435	-1.36688006	2.69908547
2.31818223	-1.36812127	2.69908881
2.31594086	-1.36909604	2.69909191
2.31354952	-1.36880291	2.69909477
2.30493355	-1.36430764	2.69910431
2.29762220	-1.37075818	2.69911528
2.29530740	-1.36906600	2.69911790
2.29192686	-1.36749578	2.69912171
2.28861642	-1.36752558	2.69912577
2.28687882	-1.36937225	2.69912863
2.28454661	-1.36901307	2.69913125
2.28150797	-1.36791241	2.69913483
2.27558661	-1.36478066	2.69914150
2.27311587	-1.36482000	2.69914460
2.27084255	-1.36439466	2.69914746
2.26650476	-1.36474645	2.69915295
2.26385713	-1.36498344	2.69915628
2.26137543	-1.36335635	2.69915891
2.25631618	-1.36356664	2.69916534
2.25452614	-1.36508060	2.69916821
2.25282836	-1.36379445	2.69916987
2.25101042	-1.36417401	2.69917226
2.24735141	-1.36673295	2.69917750
2.24534130	-1.36711001	2.69918036
2.24290490	-1.36528444	2.69918275
2.24066043	-1.36519241	2.69918561
2.23882484	-1.36690485	2.69918847
2.23674917	-1.36601555	2.69919086
2.23467469	-1.36692560	2.69919372
2.23230195	-1.36709869	2.69919658
2.23058152	-1.36761248	2.69919896
2.22851777	-1.36585724	2.69920111
2.22689724	-1.36577260	2.69920301
2.22514844	-1.36595309	2.69920540
2.22177124	-1.36464834	2.69920921
2.21454430	-1.36083591	2.69921732
2.21272659	-1.36121547	2.69921970
2.20778418	-1.35949421	2.69922543
2.19755793	-1.35131896	2.69923615
2.19521451	-1.34929359	2.69923854
2.18740439	-1.35440516	2.69924974
2.18225026	-1.35901010	2.69925761
2.18055010	-1.35925770	2.69925976
2.17868304	-1.35957026	2.69926214
2.17090011	-1.35282195	2.69927001
2.16489935	-1.35002255	2.69927692
2.16002202	-1.35470009	2.69928432
2.15592980	-1.35285521	2.69928908
2.14020920	-1.34295011	2.69930601
2.13726211	-1.34065127	2.69930911
2.13355541	-1.33981013	2.69931364
2.11905670	-1.34357870	2.69933295
2.11622262	-1.34594643	2.69933724
2.10903764	-1.34340072	2.69934559
2.10460949	-1.34241843	2.69935083
2.10105443	-1.34211242	2.69935513
2.09773302	-1.34047604	2.69935894
2.09494781	-1.34291089	2.69936323
2.09175444	-1.34100926	2.69936657
2.08850598	-1.34203959	2.69937110
2.08637810	-1.34001637	2.69937301
2.08235025	-1.34277081	2.69937897
2.07963347	-1.34320724	2.69938254
2.07724333	-1.34471321	2.69938588
2.07370043	-1.34787321	2.69939137
2.07164073	-1.34898400	2.69939423
2.07016873	-1.34836769	2.69939590
2.06746149	-1.34607053	2.69939876
2.06533456	-1.34664774	2.69940138
2.06154728	-1.34433961	2.69940567
2.05582643	-1.34181046	2.69941211
2.05229878	-1.34003866	2.69941616
2.04454899	-1.33741975	2.69942522
2.04137063	-1.34005046	2.69942975
2.03607941	-1.34512186	2.69943786
2.03429866	-1.34390235	2.69943976
2.03276539	-1.34488595	2.69944215
2.03057384	-1.34432602	2.69944477
2.02896905	-1.34451044	2.69944668
2.02724195	-1.34282267	2.69944835
2.02445745	-1.34099424	2.69945145
2.02201033	-1.34183371	2.69945478
2.02007294	-1.34054601	2.69945693
2.01802397	-1.34072268	2.69945955
2.01588011	-1.34183168	2.69946241
2.01423287	-1.34068084	2.69946432
2.01140618	-1.34184885	2.69946814
2.00853634	-1.33995044	2.69947124
2.00574207	-1.33998632	2.69947481
2.00343323	-1.34042764	2.69947791
2.00155282	-1.33980644	2.69948006
1.99853778	-1.33950639	2.69948363
1.99676752	-1.33815360	2.69948554
1.99541461	-1.33920491	2.69948745
1.99366760	-1.33865285	2.69948959
1.99182642	-1.33823168	2.69949174
1.98983300	-1.33807683	2.69949436
1.98759568	-1.33678532	2.69949675
1.98599648	-1.33823359	2.69949913
1.98323476	-1.33633637	2.69950223
1.98159385	-1.33651793	2.69950414
1.97956014	-1.33689523	2.69950700
1.97766602	-1.33614182	2.69950914
1.97522843	-1.33424783	2.69951153
1.97392583	-1.33543456	2.69951367
1.97051346	-1.33246386	2.69951701
1.96677828	-1.33302069	2.69952202
1.96415782	-1.33179200	2.69952488
1.96132302	-1.33236015	2.69952869
1.95933509	-1.33173800	2.69953108
1.95225346	-1.33659232	2.69954133
1.95067024	-1.33663952	2.69954324
1.94888079	-1.33562160	2.69954515
1.94712365	-1.33520222	2.69954729
1.94526875	-1.33464897	2.69954944
1.94331288	-1.33462596	2.69955206
1.94096684	-1.33413410	2.69955468
1.93925381	-1.33344829	2.69955683
1.93742287	-1.33462536	2.69955945
1.92562342	-1.34096062	2.69957614
1.91362238	-1.33889246	2.69959068
1.91155672	-1.33787012	2.69959283
1.90641701	-1.33661318	2.69959903
1.71104527	-1.34210312	2.69984674
1.70889044	-1.34154582	2.69984937
1.70718217	-1.34119356	2.69985151
1.70495784	-1.34083581	2.69985414
1.69977927	-1.33937860	2.69986033
1.69725800	-1.33835220	2.69986320
1.69387543	-1.33751452	2.69986725
1.69134772	-1.33688688	2.69987011
1.68862784	-1.33625638	2.69987345
1.68545222	-1.33562231	2.69987726
1.68352306	-1.33493423	2.69987965
1.68125010	-1.33450902	2.69988227
1.67838347	-1.33367729	2.69988561
1.67600226	-1.33325100	2.69988847
1.67422175	-1.33376276	2.69989085
1.67091155	-1.33206117	2.69989467
1.66890323	-1.33170545	2.69989705
1.66664672	-1.33074832	2.69989967
1.66505480	-1.33099699	2.69990182
1.66312861	-1.33137560	2.69990420
1.66134179	-1.33055472	2.69990635
1.65949166	-1.33033526	2.69990849
1.65677524	-1.32997072	2.69991183
1.65324593	-1.32893169	2.69991612
1.65180540	-1.32971549	2.69991803
1.64897406	-1.32881832	2.69992137
1.64640546	-1.32872343	2.69992471
1.64488459	-1.32804012	2.69992638
1.64280713	-1.32788336	2.69992900
1.64090943	-1.32859516	2.69993138
1.63778639	-1.32829392	2.69993544
1.63540530	-1.32786775	2.69993830
1.63154006	-1.32769132	2.69994307
1.62985015	-1.32780552	2.69994521
1.62715387	-1.32797551	2.69994855
1.61937714	-1.32429051	2.69995737
1.61530709	-1.32577837	2.69996309
1.61286831	-1.32721734	2.69996643
1.60952473	-1.32577896	2.69997025
1.60672736	-1.32474816	2.69997358
1.60229111	-1.32316601	2.69997859
1.59896624	-1.32559526	2.69998360
1.59717143	-1.32677543	2.69998622
1.59459269	-1.32681334	2.69998932
1.59212673	-1.32718647	2.69999266
1.59070480	-1.32843673	2.69999480
1.58823228	-1.32920861	2.69999814
1.58656454	-1.32832408	2.69999981
1.58253241	-1.32821262	2.70000505
1.57880402	-1.32837033	2.70000982
1.57707644	-1.33008420	2.70001245
1.57548904	-1.33066678	2.70001459
1.57306457	-1.32970619	2.70001721
1.57204032	-1.33109474	2.70001912
1.57003200	-1.33073902	2.70002151
1.56808567	-1.33138371	2.70002413
1.56652236	-1.33196568	2.70002627
1.56501627	-1.33148324	2.70002794
1.56260467	-1.33145630	2.70003104
1.56131434	-1.33270752	2.70003295
1.55846429	-1.33134389	2.70003629
1.55625033	-1.33085251	2.70003891
1.55478990	-1.33190250	2.70004106
1.55174637	-1.33046830	2.70004439
1.54822791	-1.33189631	2.70004916
1.54727626	-1.33335114	2.70005083
1.54477906	-1.33232415	2.70005369
1.54188359	-1.33115923	2.70005703
1.53882980	-1.33065879	2.70006084
1.53590405	-1.32989311	2.70006418
1.53318727	-1.33032930	2.70006776
1.53112817	-1.33063912	2.70007038
1.52952874	-1.33208752	2.70007277
1.52749681	-1.33173227	2.70007539
1.52564812	-1.33251119	2.70007777
1.52405798	-1.33202708	2.70007968
1.52243745	-1.33194244	2.70008183
1.52029252	-1.33125198	2.70008421
1.51638854	-1.33087528	2.70008898
1.51393819	-1.33064818	2.70009208
1.50951004	-1.32966578	2.70009732
1.50780988	-1.32991362	2.70009971
1.50274980	-1.32832420	2.70010567
1.49942911	-1.32848728	2.70010972
1.49795699	-1.32787120	2.70011139
1.49657369	-1.32932186	2.70011353
1.49256086	-1.32714474	2.70011806
1.49087095	-1.32725906	2.70012021
1.48919129	-1.32724035	2.70012236
1.48747122	-1.32775402	2.70012474
1.48541570	-1.32659853	2.70012689
1.48379505	-1.32651377	2.70012903
1.48169911	-1.32589066	2.70013142
1.47850668	-1.32578838	2.70013547
1.47636175	-1.32509804	2.70013785
1.47267675	-1.32579029	2.70014286
1.47125471	-1.32704067	2.70014501
1.46886349	-1.32674742	2.70014787
1.46764719	-1.32813334	2.70014977
1.46484149	-1.32650256	2.70015287
1.46209288	-1.32553911	2.70015597
1.45908785	-1.32510567	2.70015979
1.45591593	-1.32473707	2.70016360
1.45369434	-1.32544577	2.70016670
1.45193541	-1.32575941	2.70016885
1.44889164	-1.32512569	2.70017266
1.44721198	-1.32510686	2.70017481
1.44552231	-1.32522130	2.70017695
1.44222200	-1.32511818	2.70018101
1.43865490	-1.32567823	2.70018554
1.43656206	-1.32612145	2.70018840
1.43422782	-1.32649529	2.70019150
1.43222976	-1.32600594	2.70019388
1.43060899	-1.32592154	2.70019579
1.42898834	-1.32583690	2.70019794
1.42673576	-1.32514524	2.70020056
1.42512512	-1.32492757	2.70020247
1.42273378	-1.32463431	2.70020533
1.42072034	-1.32474542	2.70020795
1.41714215	-1.32363927	2.70021224
1.41498709	-1.32308221	2.70021486
1.41271389	-1.32265699	2.70021749
1.41050971	-1.32203281	2.70022011
1.40726876	-1.32186329	2.70022416
1.40589535	-1.32318103	2.70022631
1.40328598	-1.32274914	2.70022941
1.40148818	-1.32286251	2.70023179
1.39899600	-1.32136846	2.70023441
1.39697278	-1.32248187	2.70023727
1.39452982	-1.32105494	2.70023990
1.39216995	-1.32216203	2.70024323
1.38901532	-1.32046056	2.70024681
1.38778114	-1.32230997	2.70024896
1.38598275	-1.32149315	2.70025086
1.38504171	-1.32281494	2.70025253
1.38327956	-1.32206178	2.70025444
1.38020170	-1.32156205	2.70025826
1.37656260	-1.32125473	2.70026278
1.37488592	-1.32230246	2.70026517
1.37331367	-1.32141566	2.70026684
1.37138534	-1.32159674	2.70026922
1.36911201	-1.32117176	2.70027208
1.36653352	-1.32120967	2.70027542
1.36482334	-1.32159054	2.70027757
1.36197710	-1.32049239	2.70028090
1.35945761	-1.32046449	2.70028400
1.35739565	-1.31970763	2.70028639
1.35578990	-1.31982374	2.70028853
1.35406351	-1.31993544	2.70029068
1.35151029	-1.31830990	2.70029354
1.34870267	-1.31741238	2.70029664
1.34654784	-1.31685495	2.70029926
1.34422565	-1.31636286	2.70030212
1.34117818	-1.31719446	2.70030618
1.33845472	-1.31629837	2.70030928
1.33686745	-1.31688106	2.70031142
1.33268559	-1.31550157	2.70031643
1.33092654	-1.31581521	2.70031881
1.32949436	-1.31719875	2.70032096
1.32489800	-1.31448197	2.70032597
1.32315946	-1.31452906	2.70032811
1.32038319	-1.31503165	2.70033169
1.31727874	-1.31519651	2.70033574
1.31487727	-1.31503642	2.70033884
1.31319046	-1.31621766	2.70034122
1.31085527	-1.31479192	2.70034361
1.30902386	-1.31596923	2.70034647
1.30749273	-1.31541908	2.70034814
1.30546200	-1.31513178	2.70035052
1.30318272	-1.31430483	2.70035315
1.29827929	-1.31278372	2.70035911
1.29613364	-1.31462550	2.70036221
1.29372203	-1.31459868	2.70036530
1.29145908	-1.31404018	2.70036793
1.28894734	-1.31368184	2.70037103
1.28270006	-1.31127954	2.70037818
1.28113174	-1.31325889	2.70038080
1.27945149	-1.31404114	2.70038319
1.27787077	-1.31422496	2.70038509
1.27561677	-1.31346512	2.70038772
1.27437305	-1.31458580	2.70038962
1.27296901	-1.31370234	2.70039129
1.27146459	-1.31421852	2.70039320
1.26990485	-1.31333506	2.70039487
1.26757264	-1.31297576	2.70039773
1.26580346	-1.31342268	2.70040011
1.26336312	-1.31306243	2.70040321
1.26109850	-1.31323671	2.70040607
1.25934124	-1.31281769	2.70040822
1.25759435	-1.31226528	2.70041013
1.25562465	-1.31210983	2.70041251
1.24944842	-1.30877566	2.70041943
1.24790645	-1.31089079	2.70042205
1.24283755	-1.30870223	2.70042777
1.24147272	-1.31061947	2.70042992
1.23966479	-1.31086576	2.70043230
1.23767972	-1.31131029	2.70043492
1.23475063	-1.31027877	2.70043850
1.23318231	-1.31052721	2.70044041
1.23159719	-1.31037688	2.70044231
1.22454393	-1.30610061	2.70045018
1.22238278	-1.30854249	2.70045352
1.22097445	-1.30992568	2.70045567
1.21816325	-1.30876219	2.70045900
1.21580064	-1.30880225	2.70046186
1.21372497	-1.30791283	2.70046425
1.21060181	-1.30761147	2.70046806
1.20893288	-1.30665874	2.70046997
1.20572972	-1.30749059	2.70047426
1.20350361	-1.30786526	2.70047712
1.20175481	-1.30804574	2.70047927
1.19874990	-1.30761230	2.70048308
1.19676661	-1.30732405	2.70048547
1.19496882	-1.30743754	2.70048785
1.19301951	-1.30701554	2.70049000
1.18900478	-1.30557120	2.70049477
1.18730772	-1.30688536	2.70049739
1.18577957	-1.30740190	2.70049930
1.18321347	-1.30577314	2.70050216
1.18164670	-1.30608940	2.70050430
1.17967880	-1.30520105	2.70050645
1.17795670	-1.30644763	2.70050883
1.17606282	-1.30569422	2.70051122
1.17385900	-1.30506980	2.70051384
1.17217278	-1.30544984	2.70051599
1.17061782	-1.30490029	2.70051765
1.16883361	-1.30514646	2.70052004
1.16704309	-1.30405986	2.70052195
1.16521120	-1.30430698	2.70052433
1.16157770	-1.30353248	2.70052886
1.16035247	-1.30511951	2.70053077
1.15837812	-1.30462992	2.70053315
1.15532303	-1.30233026	2.70053625
1.15398884	-1.30384779	2.70053840
1.15188193	-1.30415869	2.70054126
1.15018797	-1.30313838	2.70054293
1.14861274	-1.30285501	2.70054483
1.14678383	-1.30416870	2.70054770
1.14461446	-1.30261004	2.70054984
1.14245534	-1.30258775	2.70055270
1.14030862	-1.30263031	2.70055532
1.13860917	-1.30207705	2.70055723
1.13588095	-1.30084693	2.70056033
1.12995934	-1.29771554	2.70056701
1.12668049	-1.29914522	2.70057154
1.12406313	-1.30071414	2.70057535
1.12089097	-1.30034566	2.70057917
1.11904144	-1.29932523	2.70058131
1.11659098	-1.29909825	2.70058417
1.11491132	-1.29907942	2.70058632
1.11133325	-1.29797328	2.70059061
1.10966372	-1.29782164	2.70059252
1.10770607	-1.29680002	2.70059490
1.10577011	-1.29731166	2.70059729
1.10413897	-1.29736006	2.70059943
1.10252869	-1.29714215	2.70060134
1.10017610	-1.29704928	2.70060444
1.09828770	-1.29582870	2.70060635
1.09574687	-1.29426754	2.70060921
1.09300256	-1.29616988	2.70061326
1.08992815	-1.29593563	2.70061707
1.08705544	-1.29810309	2.70062113
1.08556497	-1.29702044	2.70062280
1.08386481	-1.29726803	2.70062494
1.08185780	-1.29698050	2.70062757
1.07904005	-1.29621565	2.70063090
1.07732177	-1.29599690	2.70063281
1.07503843	-1.29570484	2.70063567
1.07270622	-1.29534566	2.70063853
1.07089829	-1.29559231	2.70064092
1.06947267	-1.29657698	2.70064306
1.06652844	-1.29534483	2.70064640
1.06340539	-1.29504347	2.70065022
1.06120145	-1.29441905	2.70065284
1.05813742	-1.29405177	2.70065665
1.05639863	-1.29409897	2.70065880
1.05428946	-1.29427361	2.70066142
1.05220771	-1.29465222	2.70066428
1.05081511	-1.29370379	2.70066571
1.04957008	-1.29475594	2.70066762
1.04764295	-1.29333508	2.70066953
1.04524159	-1.29317498	2.70067263
1.04376471	-1.29395628	2.70067453
1.04164410	-1.29413474	2.70067739
1.03957868	-1.29311192	2.70067978
1.03719759	-1.29268575	2.70068264
1.03544688	-1.29359889	2.70068502
1.03422117	-1.29258573	2.70068622
1.03307402	-1.29377222	2.70068812
1.03154302	-1.29322219	2.70068979
1.02926993	-1.29279697	2.70069265
1.02740276	-1.29310977	2.70069504
1.02570283	-1.29335701	2.70069718
1.02398443	-1.29313827	2.70069933
1.02194738	-1.29244900	2.70070171
1.02020884	-1.29249644	2.70070386
1.01706707	-1.29172850	2.70070767
1.01537728	-1.29184294	2.70070982
1.01356816	-1.29029012	2.70071173
1.01178169	-1.29206955	2.70071435
1.01001251	-1.29251647	2.70071673
1.00897336	-1.29370415	2.70071840
1.00682020	-1.29241419	2.70072079
1.00514066	-1.29239559	2.70072293
1.00331235	-1.29290831	2.70072532
1.00140667	-1.29302049	2.70072770
0.99878466	-1.29252410	2.70073104
0.99720085	-1.29337263	2.70073318
0.99532747	-1.29235268	2.70073533
0.99241173	-1.29145420	2.70073867
0.99120575	-1.29270649	2.70074058
0.98928988	-1.29295194	2.70074296
0.98760182	-1.29233360	2.70074487
0.98555470	-1.29177737	2.70074749
0.98114634	-1.28792870	2.70075178
0.97798681	-1.29102564	2.70075679
0.97642446	-1.29167616	2.70075893
0.97443998	-1.29131949	2.70076132
0.97171122	-1.29089057	2.70076466
0.97015029	-1.28993881	2.70076632
0.96667647	-1.28856814	2.70077038
0.96483082	-1.29041362	2.70077324
0.96301162	-1.28899407	2.70077515
0.96038353	-1.29149699	2.70077896
0.95875335	-1.29074454	2.70078087
0.95751977	-1.29173207	2.70078278
0.95591640	-1.29204571	2.70078492
0.95330745	-1.29075181	2.70078778
0.95163774	-1.29233122	2.70079041
0.95004886	-1.29191518	2.70079231
0.94849455	-1.29056489	2.70079374
0.94622147	-1.29013968	2.70079660
0.94468004	-1.28972280	2.70079827
0.94345021	-1.29097581	2.70080018
0.94215035	-1.28982794	2.70080161
0.93949682	-1.28966284	2.70080495
0.93716884	-1.29043853	2.70080805
0.93530166	-1.29075110	2.70081043
0.93320572	-1.29012799	2.70081306
0.93125111	-1.29017282	2.70081544
0.92949212	-1.29048657	2.70081782
0.92664385	-1.29012144	2.70082116
0.92480016	-1.29123437	2.70082378
0.92340732	-1.29201710	2.70082593
0.92003012	-1.28898132	2.70082927
0.91686392	-1.29074597	2.70083380
0.91507161	-1.29039240	2.70083594
0.91385067	-1.29144406	2.70083761
0.91102278	-1.29081285	2.70084119
0.90935326	-1.29066086	2.70084310
0.90772843	-1.29111135	2.70084524
0.90647644	-1.28996229	2.70084667
0.90388787	-1.29013348	2.70085001
0.90272814	-1.29125559	2.70085168
0.90112185	-1.29050267	2.70085359
0.89948088	-1.29068422	2.70085549
0.89709997	-1.29025793	2.70085859
0.89508617	-1.29036903	2.70086098
0.89338928	-1.28995216	2.70086312
0.89027214	-1.28838301	2.70086646
0.88695449	-1.28788126	2.70087051
0.88492775	-1.28705895	2.70087290
0.88265455	-1.28663385	2.70087576
0.87846160	-1.28358781	2.70088005
0.87552971	-1.28582144	2.70088434
0.87278664	-1.28612173	2.70088792
0.86995143	-1.28669012	2.70089173
0.86603636	-1.28464723	2.70089602
0.86285412	-1.28441167	2.70090008
0.85781622	-1.28615510	2.70090675
0.85516948	-1.28819168	2.70091081
0.85306203	-1.28930342	2.70091367
0.85081160	-1.28880966	2.70091653
0.84933949	-1.28819346	2.70091820
0.84590083	-1.28848851	2.70092249
0.84353650	-1.28926122	2.70092583
0.84197533	-1.28997993	2.70092797
0.84034693	-1.29022574	2.70093012
0.83851701	-1.28973997	2.70093226
0.83681768	-1.28918648	2.70093417
0.83469248	-1.28903091	2.70093679
0.83258808	-1.28953934	2.70093966
0.83031547	-1.28998327	2.70094252
0.82823503	-1.28875983	2.70094490
0.82595181	-1.28846776	2.70094776
0.82444209	-1.28945076	2.70094991
0.82266688	-1.28949559	2.70095205
0.82091278	-1.28841186	2.70095396
0.81851137	-1.28825164	2.70095706
0.81660259	-1.28729761	2.70095921
0.81466651	-1.28780913	2.70096183
0.81300217	-1.28892148	2.70096421
0.81148541	-1.28937316	2.70096612
0.80952477	-1.28901625	2.70096850
0.80677629	-1.28805232	2.70097184
0.80481875	-1.28703082	2.70097399
0.80157745	-1.28686166	2.70097804
0.79925656	-1.28816867	2.70098114
0.79769778	-1.28908467	2.70098352
0.79573846	-1.28879595	2.70098591
0.79132038	-1.28768027	2.70099115
0.78924584	-1.28859031	2.70099401
0.78785414	-1.28944123	2.70099592
0.78594553	-1.28848696	2.70099807
0.78353393	-1.28845990	2.70100117
0.78081691	-1.28889632	2.70100474
0.77829748	-1.28886819	2.70100784
0.77466029	-1.28782809	2.70101213
0.77253675	-1.28867102	2.70101500
0.77003855	-1.29017615	2.70101857
0.76811445	-1.28982174	2.70102096
0.76607502	-1.28893518	2.70102334
0.76468581	-1.28998375	2.70102525
0.76301110	-1.28856754	2.70102715
0.76073790	-1.28814268	2.70102978
0.75866330	-1.28905249	2.70103264
0.75694484	-1.28883362	2.70103478
0.75547814	-1.28948152	2.70103669
0.75407815	-1.28800189	2.70103812
0.75102425	-1.28750134	2.70104194
0.74814868	-1.28860211	2.70104575
0.74680483	-1.28772092	2.70104718
0.74519444	-1.28750300	2.70104933
0.74347401	-1.28801703	2.70105147
0.74173546	-1.28806424	2.70105362
0.73993754	-1.28817773	2.70105600
0.73804921	-1.28695714	2.70105815
0.73610187	-1.28580236	2.70106030
0.73414528	-1.28658032	2.70106292
0.73253489	-1.28636241	2.70106483
0.73102033	-1.28701174	2.70106697
0.72957873	-1.28599608	2.70106840
0.72813821	-1.28678012	2.70107055
0.72670197	-1.28529751	2.70107198
0.72344327	-1.28646123	2.70107627
0.72121608	-1.28503656	2.70107865
0.71937245	-1.28614926	2.70108128
0.71721452	-1.28452539	2.70108366
0.71587175	-1.28544366	2.70108557
0.71343887	-1.28388345	2.70108819
0.71096826	-1.28392279	2.70109129
0.70881420	-1.28516495	2.70109439
0.70725453	-1.28428149	2.70109606
0.70536435	-1.28379357	2.70109844
0.70346868	-1.28377283	2.70110083
0.70163035	-1.28441858	2.70110321
0.70025790	-1.28320396	2.70110464
0.69835937	-1.28211665	2.70110679
0.69644052	-1.28129530	2.70110893
0.69483006	-1.28107762	2.70111084
0.69253659	-1.28091860	2.70111370
0.68979114	-1.28102136	2.70111728
0.68831599	-1.27933896	2.70111871
0.68547082	-1.28004038	2.70112252
0.68353462	-1.28055179	2.70112491
0.68163621	-1.27946436	2.70112705
0.68003869	-1.28018022	2.70112920
0.67801839	-1.28069007	2.70113206
0.67605257	-1.27906883	2.70113397
0.67356342	-1.27864158	2.70113707
0.67085361	-1.27787828	2.70114017
0.66858053	-1.27745306	2.70114303
0.66702735	-1.27790189	2.70114517
0.66541857	-1.27695131	2.70114684
0.66382670	-1.27720010	2.70114899
0.66206467	-1.27644706	2.70115089
0.66028535	-1.27702677	2.70115328
0.65837318	-1.27580678	2.70115542
0.65618765	-1.27564895	2.70115805
0.65292794	-1.27501321	2.70116210
0.65111822	-1.27599239	2.70116472
0.64960742	-1.27517581	2.70116639
0.64734435	-1.27461767	2.70116901
0.64538676	-1.27359605	2.70117116
0.64312017	-1.27450335	2.70117426
0.64000070	-1.27273655	2.70117784
0.63831091	-1.27285075	2.70117998
0.63587785	-1.27129102	2.70118260
0.63255727	-1.27145398	2.70118666
0.63022506	-1.27109468	2.70118952
0.62740022	-1.27152979	2.70119333
0.62594950	-1.27244687	2.70119524
0.62415898	-1.27136040	2.70119739
0.62251794	-1.27154219	2.70119953
0.62078941	-1.27145648	2.70120168
0.61880445	-1.27190077	2.70120430
0.61595619	-1.27153563	2.70120764
0.61462253	-1.27052128	2.70120907
0.61217225	-1.27029431	2.70121217
0.60965276	-1.27026606	2.70121527
0.60721076	-1.27063870	2.70121837
0.60575891	-1.26975632	2.70122004
0.60365283	-1.26926613	2.70122266
0.60192418	-1.26918054	2.70122480
0.59812832	-1.26880491	2.70122933
0.59567797	-1.26857769	2.70123243
0.59374177	-1.26908934	2.70123506
0.59214985	-1.26933789	2.70123720
0.58846366	-1.26823068	2.70124149
0.58670449	-1.26854444	2.70124364
0.58449960	-1.26612055	2.70124578
0.58238626	-1.26683033	2.70124865
0.58091122	-1.26514757	2.70125008
0.57915223	-1.26546121	2.70125246
0.57805467	-1.26418304	2.70125341
0.57634461	-1.26456356	2.70125580
0.57524717	-1.26328504	2.70125675
0.57323050	-1.26232982	2.70125890
0.57142258	-1.26257622	2.70126128
0.56926751	-1.26201904	2.70126390
0.56710774	-1.26112795	2.70126629
0.56517529	-1.26017392	2.70126867
0.56341863	-1.25895393	2.70127034
0.56179458	-1.25860345	2.70127249
0.55996525	-1.25731695	2.70127439
0.55805647	-1.25636256	2.70127654
0.55635542	-1.25481093	2.70127821
0.55321085	-1.25297642	2.70128155
0.55047143	-1.25008011	2.70128441
0.54773915	-1.24598420	2.70128655
0.54641271	-1.24377024	2.70128775
0.54444385	-1.24108255	2.70128942
0.54258305	-1.23839581	2.70129108
0.54123926	-1.23751462	2.70129251
0.53838992	-1.23535001	2.70129538
0.53585815	-1.23185623	2.70129776
0.53328669	-1.23069465	2.70130062
0.53179330	-1.22854555	2.70130181
0.52896428	-1.22611475	2.70130467
0.52506769	-1.22453809	2.70130920
0.52400059	-1.22286046	2.70131016
0.52295202	-1.22164917	2.70131111
0.52001631	-1.22101653	2.70131469
0.51811659	-1.21812975	2.70131612
0.42821199	-1.07057393	2.70138860
0.42615250	-1.06655240	2.70139003
0.42327064	-1.06118822	2.70139217
0.41914162	-1.05327797	2.70139527
0.40638295	-1.03127611	2.70140529
0.40531301	-1.02853179	2.70140576
0.39588830	-1.01163208	2.70141315
0.39336368	-1.00693870	2.70141506
0.38805312	-0.99774832	2.70141912
0.38712633	-0.99493963	2.70141959
0.38658062	-0.99280101	2.70141959
0.38444185	-0.98911154	2.70142126
0.38349009	-0.98623502	2.70142174
0.38201386	-0.98275316	2.70142245
0.38034034	-0.97973526	2.70142388
0.37908310	-0.97732216	2.70142484
0.37890491	-0.97572058	2.70142460
0.37621027	-0.97002566	2.70142627
0.37503240	-0.96728009	2.70142698
0.37249473	-0.96165317	2.70142865
0.37205872	-0.95878297	2.70142841
0.37093988	-0.95597148	2.70142913
0.36945486	-0.95442170	2.70143056
0.36783305	-0.95253778	2.70143199
0.36631927	-0.95065486	2.70143342
0.36104006	-0.94799697	2.70143938
0.35921070	-0.94671035	2.70144129
0.35583001	-0.94513971	2.70144510
0.35287273	-0.94297421	2.70144820
0.34992564	-0.94067550	2.70145130
0.34626698	-0.93810225	2.70145512
0.34460470	-0.93675059	2.70145702
0.34298411	-0.93666589	2.70145893
0.34010518	-0.93236858	2.70146132
0.33809680	-0.93201280	2.70146394
0.33463347	-0.92537636	2.70146632
0.33200195	-0.92248136	2.70146894
0.32991320	-0.92065835	2.70147109
0.32819358	-0.91864020	2.70147252
0.32655990	-0.91762197	2.70147443
0.32401490	-0.91319501	2.70147634
0.32176828	-0.90950429	2.70147824
0.32012624	-0.90788656	2.70147991
0.31829694	-0.90659988	2.70148182
0.31633934	-0.90557843	2.70148396
0.31530088	-0.90423417	2.70148492
0.31381583	-0.90268439	2.70148635
0.31194770	-0.90119755	2.70148826
0.30971506	-0.90024006	2.70149088
0.30853534	-0.89822721	2.70149183
0.30708075	-0.89627814	2.70149302
0.30468425	-0.89131981	2.70149469
0.30314308	-0.89090270	2.70149660
0.30148068	-0.88955134	2.70149827
0.29984885	-0.88780040	2.70149970
0.29788107	-0.88691211	2.70150208
0.29592347	-0.88589054	2.70150423
0.29485655	-0.88421279	2.70150518
0.29289895	-0.88319123	2.70150733
0.29084352	-0.88203555	2.70150948
0.28901422	-0.88074893	2.70151162
0.28670961	-0.87892371	2.70151401
0.28402328	-0.87382835	2.70151591
0.28216642	-0.87400776	2.70151830
0.28081965	-0.87205988	2.70151949
0.27921110	-0.87110925	2.70152116
0.27763644	-0.87002498	2.70152283
0.27626401	-0.86881047	2.70152426
0.27418822	-0.86792117	2.70152664
0.27266440	-0.86617118	2.70152807
0.26998401	-0.86320895	2.70153069
0.26749301	-0.86351454	2.70153379
0.26666233	-0.86157250	2.70153427
0.26380578	-0.86060780	2.70153761
0.26145217	-0.85871559	2.70154023
0.25942534	-0.85789329	2.70154238
0.25572911	-0.85691899	2.70154691
0.25336471	-0.85769182	2.70155001
0.25219980	-0.85588002	2.70155096
0.24972811	-0.85411972	2.70155358
0.24801320	-0.85416663	2.70155573
0.24654841	-0.85235065	2.70155716
0.24520454	-0.85146952	2.70155859
0.24356845	-0.85198492	2.70156074
0.24205998	-0.84963518	2.70156217
0.24130675	-0.84809369	2.70156264
0.23960324	-0.84807557	2.70156479
0.23802677	-0.84772408	2.70156670
0.23585039	-0.84563369	2.70156884
0.23384565	-0.84381247	2.70157075
0.23218444	-0.84426028	2.70157313
0.23040591	-0.84230787	2.70157480
0.22835052	-0.84115219	2.70157695
0.22627290	-0.84099567	2.70157957
0.22511648	-0.83978313	2.70158076
0.22359551	-0.83909982	2.70158243
0.22205132	-0.83761632	2.70158386
0.22046831	-0.83593255	2.70158553
0.21863900	-0.83464599	2.70158744
0.21612960	-0.83448493	2.70159054
0.21410280	-0.83366257	2.70159292
0.21213517	-0.83277416	2.70159507
0.20984165	-0.83261526	2.70159793
0.20801522	-0.83239532	2.70160031
0.20626347	-0.83150911	2.70160222
0.20516597	-0.83023077	2.70160317
0.20354536	-0.83014607	2.70160532
0.20160815	-0.82885826	2.70160723
0.19927481	-0.82669979	2.70160961
0.19692229	-0.82660699	2.70161247
0.19510314	-0.82518715	2.70161438
0.19276080	-0.82496113	2.70161748
0.19135395	-0.82127976	2.70161819
0.18302184	-0.81992072	2.70162821
0.17883269	-0.81974113	2.70163345
0.17686854	-0.81911838	2.70163584
0.17445700	-0.81909156	2.70163894
0.17348784	-0.81754792	2.70163965
0.17050317	-0.81684816	2.70164323
0.16861296	-0.81636024	2.70164537
0.16599023	-0.81666499	2.70164871
0.16523685	-0.81512392	2.70164943
0.16370100	-0.81423992	2.70165110
0.16203153	-0.81408793	2.70165300
0.16091561	-0.81234306	2.70165396
0.15924604	-0.81219137	2.70165610
0.15771490	-0.81164140	2.70165777
0.15579614	-0.81081998	2.70166016
0.15383749	-0.80799913	2.70166183
0.14872923	-0.80814236	2.70166826
0.14683068	-0.80705482	2.70167041
0.14382924	-0.80688709	2.70167398
0.14340159	-0.80461651	2.70167398
0.14086986	-0.80112278	2.70167613
0.14056040	-0.79871982	2.70167589
0.13908830	-0.79810387	2.70167756
0.13745648	-0.79635292	2.70167923
0.13672346	-0.79454535	2.70167947
0.13483509	-0.79332471	2.70168161
0.13411228	-0.79138398	2.70168209
0.13215470	-0.79036248	2.70168424
0.13049716	-0.78934479	2.70168591
0.12753806	-0.78791207	2.70168924
0.10173669	-0.73303962	2.70170665
0.09906853	-0.72407919	2.70170760
0.09391753	-0.72115600	2.70171309
0.04845284	-0.70992315	2.70176744
0.04463549	-0.70801443	2.70177174
0.04436669	-0.70507902	2.70177126
0.04146372	-0.68964851	2.70177054
0.03120896	-0.68287098	2.70178175
0.03002270	-0.68125695	2.70178270
0.02847010	-0.67917383	2.70178413
0.02892125	-0.67711258	2.70178294
0.03038085	-0.67426306	2.70178032
0.02657555	-0.67148840	2.70178437
0.02579063	-0.66854715	2.70178461
0.02499758	-0.66500616	2.70178461
0.02592278	-0.66168427	2.70178246
0.13388990	-0.52872950	2.70160937
0.00199902	-0.46794656	2.70175886
0.00142187	-0.46440780	2.70175862
0.00191344	-0.46181417	2.70175719
0.00121325	-0.45980471	2.70175767
0.00092999	-0.45753780	2.70175743
0.00168353	-0.45567778	2.70175576
-0.00003198	-0.45479453	2.70175791
0.00038868	-0.45313254	2.70175672
0.00292943	-0.44696096	2.70175195
0.00358690	-0.44250309	2.70174980
0.00234164	-0.43922397	2.70175052
0.00152633	-0.43668216	2.70175076
0.00273145	-0.43362999	2.70174837
0.00384821	-0.43111169	2.70174623
0.00501984	-0.42739248	2.70174384
0.00484886	-0.42459130	2.70174336
0.00609978	-0.42054003	2.70174050
0.00453428	-0.41752324	2.70174170
0.00453310	-0.41572407	2.70174122
0.00429283	-0.41312197	2.70174074
0.00334400	-0.41131222	2.70174146
0.00337032	-0.40804699	2.70174050
0.00421517	-0.40325785	2.70173812
0.00333261	-0.40018213	2.70173836
0.00269679	-0.39763975	2.70173860
0.00119914	-0.39602575	2.70174003
0.00176299	-0.39429939	2.70173883
0.00232670	-0.39257330	2.70173764
0.00289295	-0.38931331	2.70173597
0.00248384	-0.38750905	2.70173597
0.00316695	-0.38404897	2.70173407
0.00345580	-0.38065559	2.70173287
0.00385863	-0.37772608	2.70173144
0.00439022	-0.37540084	2.70173025
0.00605455	-0.37088749	2.70172691
0.00460525	-0.36847138	2.70172811
0.00373456	-0.36626109	2.70172858
0.00447186	-0.36407128	2.70172691
0.00432286	-0.36200216	2.70172668
0.00391492	-0.36026633	2.70172668
0.00513553	-0.35661411	2.70172405
0.00475030	-0.35480917	2.70172405
0.00462631	-0.35280800	2.70172358
0.00608981	-0.34849289	2.70172071
0.00603668	-0.34556007	2.70171976
0.00619800	-0.34163067	2.70171857
0.00663418	-0.33936858	2.70171738
0.00727180	-0.33777729	2.70171618
0.00769783	-0.33564842	2.70171499
0.00899590	-0.33239684	2.70171237
0.00770713	-0.32858348	2.70171309
0.01017763	-0.31908053	2.70170736
0.01022433	-0.31554890	2.70170617
0.00958806	-0.31207627	2.70170617
0.00963590	-0.31034398	2.70170546
0.01053368	-0.30848789	2.70170403
0.01026191	-0.30448595	2.70170307
0.00972636	-0.30221397	2.70170331
0.00982308	-0.30054900	2.70170259
0.00735562	-0.29652241	2.70170450
0.00902957	-0.29267660	2.70170140
0.00869869	-0.28874072	2.70170069
0.00693205	-0.28765380	2.70170259
0.00940946	-0.28208348	2.70169806
0.01066041	-0.27803200	2.70169520
0.00751596	-0.27619749	2.70169878
0.00715760	-0.27372760	2.70169854
0.00662024	-0.27218840	2.70169878
0.00709158	-0.26986092	2.70169759
0.00561117	-0.26864529	2.70169902
0.00581293	-0.26591453	2.70169806
0.00691537	-0.26239461	2.70169568
0.00408532	-0.25816429	2.70169806
0.00261037	-0.25648165	2.70169950
0.00365849	-0.25336161	2.70169735
0.00486171	-0.25104234	2.70169520
0.00352217	-0.24789467	2.70169592
0.00270983	-0.24641940	2.70169663
0.00342035	-0.24489444	2.70169520
0.00380210	-0.24303238	2.70169425
0.00243689	-0.24061815	2.70169520
0.00255397	-0.23868674	2.70169473
0.00334378	-0.23682949	2.70169306
0.00297526	-0.23449272	2.70169282
0.00330712	-0.23076408	2.70169139
0.00132812	-0.22820963	2.70169330
-0.00013679	-0.22639377	2.70169473
0.00111537	-0.22414172	2.70169234
-0.00024986	-0.22172739	2.70169353
-0.00002487	-0.21979693	2.70169258
-0.00235815	-0.21763858	2.70169497
-0.00184806	-0.21551120	2.70169377
-0.00163436	-0.21191484	2.70169258
-0.00359309	-0.20909399	2.70169425
-0.00587744	-0.20700261	2.70169640
-0.00553434	-0.20494021	2.70169544
-0.00616954	-0.20326677	2.70169592
-0.00865495	-0.20137408	2.70169830
-0.00726091	-0.19898947	2.70169592
-0.00862850	-0.19810870	2.70169759
-0.00766814	-0.19645244	2.70169592
-0.00824779	-0.19444710	2.70169592
-0.00953548	-0.19243349	2.70169711
-0.00855835	-0.19024517	2.70169520
-0.00914932	-0.18830505	2.70169544
-0.00886882	-0.18604285	2.70169449
-0.00870305	-0.18417865	2.70169377
-0.00997044	-0.18189850	2.70169473
-0.01000546	-0.18023293	2.70169425
-0.01071461	-0.17842467	2.70169473
-0.00983168	-0.17636791	2.70169306
-0.01065229	-0.17429295	2.70169353
-0.00887705	-0.17084722	2.70169020
-0.00813907	-0.16785629	2.70168853
-0.00690945	-0.16227165	2.70168543
-0.01365353	-0.15779804	2.70169258
-0.01464313	-0.15652071	2.70169353
-0.01417358	-0.15492590	2.70169258
-0.01400769	-0.15306167	2.70169187
-0.01448406	-0.15072381	2.70169163
-0.01478341	-0.14818782	2.70169139
-0.01650472	-0.14517105	2.70169282
-0.01650693	-0.14330368	2.70169210
-0.01730257	-0.14129622	2.70169258
-0.01772661	-0.13929127	2.70169258
-0.01708883	-0.13769972	2.70169139
-0.01535118	-0.13412191	2.70168829
-0.01500918	-0.13026024	2.70168662
-0.01513243	-0.12572692	2.70168567
-0.01587665	-0.12225322	2.70168567
-0.01871218	-0.12022106	2.70168853
-0.01848726	-0.11829088	2.70168781
-0.01651809	-0.11411502	2.70168424
-0.01629417	-0.11038531	2.70168281
-0.01781806	-0.10863548	2.70168424
-0.01770108	-0.10670403	2.70168352
-0.01970866	-0.10381632	2.70168519
-0.01857469	-0.10169622	2.70168328
-0.02080003	-0.09953876	2.70168543
-0.02108914	-0.09686965	2.70168519
-0.02303413	-0.09418139	2.70168686
-0.02231351	-0.09252324	2.70168543
-0.02295692	-0.09025048	2.70168567
-0.02210271	-0.08786011	2.70168400
-0.02213783	-0.08619443	2.70168352
-0.01356467	-0.07302745	2.70166898
-0.01451643	-0.07015102	2.70166945
-0.01361867	-0.06829482	2.70166779
-0.01541026	-0.06540912	2.70166922
-0.01607404	-0.06340229	2.70166945
-0.01465720	-0.05748665	2.70166612
-0.00137075	-0.03564109	2.70164323
0.00446922	-0.02604227	2.70163321
0.00752591	-0.01814562	2.70162725
0.02214783	0.00341823	2.70160294
0.02321152	0.00713865	2.70160055
0.02088545	0.01049683	2.70160246
0.02101985	0.01376108	2.70160127
0.01864476	0.01718660	2.70160341
0.01665461	0.02140736	2.70160484
0.01705671	0.02353573	2.70160365
0.01699661	0.02526901	2.70160317
0.01664837	0.02787225	2.70160294
0.01578419	0.03048112	2.70160341
0.02263291	0.04086841	2.70159173
0.02102853	0.04408510	2.70159292
0.01319704	0.04997050	2.70160127
0.00704349	0.05510435	2.70160747
0.00810714	0.05882464	2.70160508
0.00585039	0.06238203	2.70160699
0.00382245	0.06500369	2.70160890
0.00340503	0.06740762	2.70160866
0.00147493	0.06989509	2.70161057
0.00239119	0.07128457	2.70160890
0.00332958	0.07367333	2.70160699
0.00189118	0.07875440	2.70160747
0.00146256	0.08282451	2.70160699
0.00153060	0.08482306	2.70160627
0.00060733	0.08736609	2.70160675
0.00096059	0.08956133	2.70160556
0.00113668	0.09155888	2.70160484
0.00084748	0.09422796	2.70160460
0.00156811	0.09588598	2.70160317
0.00003291	0.09930186	2.70160413
0.02070754	0.12639681	2.70157051
0.01930068	0.13007797	2.70157123
0.01562070	0.13418435	2.70157480
0.01173189	0.13949277	2.70157814
0.01292190	0.17626914	2.70156646
0.01211975	0.17787763	2.70156717
0.01294833	0.17953464	2.70156550
-0.00879719	0.20683458	2.70158553
-0.00209826	0.21848965	2.70157385
-0.00189977	0.22661835	2.70157123
-0.00022045	0.23093130	2.70156789
-0.00128297	0.24000770	2.70156670
-0.00105902	0.24373741	2.70156550
-0.00041385	0.25166100	2.70156240
-0.00019005	0.25539047	2.70156121
-0.00128131	0.25966817	2.70156121
-0.00821385	0.26561001	2.70156837
-0.00754515	0.26840189	2.70156670
-0.00399452	0.27529350	2.70156050
-0.00301012	0.27868143	2.70155811
-0.00624639	0.28364933	2.70156097
0.01669927	0.32851377	2.70151949
0.01692430	0.33044413	2.70151877
-0.01113715	0.37194318	2.70154262
-0.00300789	0.38424906	2.70152903
0.00002606	0.38861468	2.70152402
0.01265900	0.40313619	2.70150399
0.01428457	0.40785012	2.70150065
0.01494325	0.41050866	2.70149899
0.01265474	0.41546592	2.70150065
0.01590110	0.42009521	2.70149517
0.01591001	0.42202765	2.70149469
0.01758060	0.42954037	2.70149040
0.01978955	0.43371445	2.70148659
0.02126664	0.43789670	2.70148349
0.02188653	0.44075570	2.70148182
0.01948001	0.44558111	2.70148373
0.01978435	0.44784346	2.70148253
0.02006204	0.45630452	2.70147991
0.02444406	0.46205536	2.70147276
0.02646222	0.46616399	2.70146918
0.02821611	0.47114295	2.70146561
0.02766377	0.47288299	2.70146585
0.02586862	0.47603434	2.70146704
0.02860179	0.47960287	2.70146275
-0.00141547	0.51166111	2.70149159
-0.00153857	0.51619446	2.70149064
-0.02255240	0.55295008	2.70150685
-0.03503910	0.57608259	2.70151615
-0.03713117	0.58330357	2.70151687
-0.03718735	0.59163457	2.70151448
-0.03360891	0.59566104	2.70150900
-0.03360998	0.59746015	2.70150852
-0.03276115	0.59938347	2.70150685
-0.02892435	0.60467261	2.70150042
-0.02572701	0.60936898	2.70149517
-0.02535855	0.61649591	2.70149279
0.05356589	0.70045835	2.70137000
0.04687978	0.70679772	2.70137668
0.04921067	0.71770155	2.70137072
0.04640311	0.71859938	2.70137405
-0.09414245	0.71016663	2.70155358
-0.09768907	0.70987278	2.70155811
-0.10227802	0.70432550	2.70156527
-0.09440873	0.68111169	2.70156193
-0.09539312	0.67772353	2.70156407
-0.09893867	0.67563051	2.70156908
-0.09986395	0.67230844	2.70157123
-0.10008890	0.67037815	2.70157194
-0.10695506	0.66812217	2.70158124
-0.27620021	0.64461344	2.70180106
-0.27790132	0.64616519	2.70180297
-0.28116393	0.64786762	2.70180655
-0.30784202	0.64609855	2.70184064
-0.32603103	0.64290202	2.70186448
-0.33295879	0.66310626	2.70186758
-0.33698702	0.66981578	2.70187092
-0.34067202	0.66912353	2.70187569
-0.44839773	0.63753271	2.70202017
-0.47124946	0.58593607	2.70206332
-0.47231320	0.58221602	2.70206571
-0.49292699	0.50606859	2.70211267
-0.48578197	0.50552243	2.70210385
-0.48420912	0.50370550	2.70210242
-0.47996154	0.45807210	2.70210981
-0.47611552	0.45582998	2.70210552
-0.46155813	0.40468082	2.70210123
-0.45758495	0.39503962	2.70209908
-0.44744483	0.39392686	2.70208645
-0.43951648	0.37077916	2.70208287
-0.43799248	0.36902934	2.70208144
-0.43651643	0.36554709	2.70208073
-0.33955169	0.22264743	2.70199800
-0.33887771	0.22077405	2.70199776
-0.33815488	0.21883333	2.70199728
-0.33608428	0.21314543	2.70199633
-0.33564362	0.20994116	2.70199656
-0.33586863	0.20801070	2.70199752
-0.33941603	0.20518482	2.70200276
-0.33786964	0.20010251	2.70200205
-0.33822691	0.19737187	2.70200324
-0.33770162	0.19496679	2.70200324
-0.33686262	0.19242549	2.70200300
-0.33936056	0.19092038	2.70200658
-0.33875591	0.18884781	2.70200634
-0.33993220	0.18719357	2.70200825
-0.33934367	0.18198849	2.70200896
-0.34158424	0.17921427	2.70201254
-0.34271821	0.17709431	2.70201468
-0.34433234	0.17584668	2.70201707
-0.34975511	0.17330787	2.70202446
-0.34961149	0.16904074	2.70202565
-0.35044023	0.16738394	2.70202708
-0.35169122	0.16333240	2.70202971
-0.35001245	0.15564913	2.70202971
-0.35025772	0.15345263	2.70203066
-0.35300043	0.15228313	2.70203447
-0.35450178	0.15070051	2.70203686
-0.35221222	0.14394376	2.70203567
-0.35539037	0.14131317	2.70204043
-0.35482439	0.13944066	2.70204020
-0.35516942	0.13664538	2.70204163
-0.35717171	0.13486810	2.70204449
-0.35639483	0.12819500	2.70204544
-0.35661882	0.12446528	2.70204663
-0.35765201	0.12114447	2.70204902
-0.35987523	0.11970316	2.70205212
-0.36108863	0.11725068	2.70205426
-0.36099494	0.11485016	2.70205498
-0.36649716	0.11197897	2.70206261
-0.37069514	0.11022625	2.70206833
-0.36997730	0.10348731	2.70206928
-0.36921275	0.10027964	2.70206928
-0.37127614	0.09770348	2.70207262
-0.37326008	0.09545972	2.70207572
-0.37303618	0.08972555	2.70207715
-0.37621722	0.08816148	2.70208144
-0.37821242	0.08758388	2.70208406
-0.37970468	0.07846984	2.70208859
-0.38069919	0.07494872	2.70209074
-0.38016978	0.06967764	2.70209169
-0.37991825	0.06540950	2.70209241
-0.37985414	0.06081018	2.70209360
-0.38034576	0.05821647	2.70209503
-0.38311592	0.05558088	2.70209932
-0.38293469	0.05291305	2.70209980
-0.38401979	0.05072572	2.70210171
-0.38397166	0.04812648	2.70210242
-0.38559657	0.04594480	2.70210505
-0.38682836	0.04395904	2.70210719
-0.38738194	0.04236587	2.70210814
-0.38707331	0.03743105	2.70210934
-0.38756308	0.03557009	2.70211029
-0.38906267	0.03472007	2.70211244
-0.39057419	0.03300422	2.70211482
-0.39154118	0.03094909	2.70211673
-0.39317617	0.02863435	2.70211935
-0.39335236	0.02663677	2.70212007
-0.39541745	0.02332801	2.70212364
-0.39538372	0.01832923	2.70212507
-0.39650571	0.01707508	2.70212674
-0.40091142	0.01472495	2.70213294
-0.40099382	0.00086325	2.70213699
-0.40128803	-0.00126626	2.70213795
-0.40122858	-0.00553166	2.70213890
-0.40187526	-0.00732441	2.70214033
-0.40232524	-0.01118493	2.70214200
-0.40278095	-0.01291218	2.70214295
-0.40322262	-0.01737263	2.70214486
-0.40388957	-0.01943139	2.70214629
-0.40438113	-0.02202509	2.70214748
-0.40455323	-0.02688866	2.70214915
-0.40513137	-0.03101420	2.70215106
-0.40490636	-0.03854788	2.70215273
-0.40486360	-0.04161395	2.70215368
-0.40490124	-0.04321326	2.70215416
-0.40281168	-0.05369897	2.70215440
-0.40211922	-0.06723394	2.70215726
-0.40078273	-0.06931493	2.70215607
-0.39977065	-0.07392474	2.70215607
-0.39915603	-0.08099669	2.70215726
-0.39814517	-0.08380738	2.70215678
-0.39714438	-0.08675077	2.70215631
-0.39650095	-0.08902365	2.70215607
-0.39598384	-0.09082891	2.70215607
-0.39522237	-0.09296998	2.70215559
-0.39430204	-0.09444650	2.70215487
-0.39356801	-0.09805354	2.70215487
-0.39289582	-0.10065977	2.70215487
-0.39183095	-0.10820247	2.70215559
-0.38962406	-0.10989347	2.70215321
-0.38899794	-0.11349962	2.70215344
-0.38736597	-0.11525019	2.70215201
-0.38659313	-0.11905753	2.70215201
-0.38461423	-0.12161200	2.70215011
-0.38414797	-0.12408305	2.70215034
-0.38157648	-0.12524471	2.70214748
-0.38019109	-0.12739307	2.70214629
-0.37953734	-0.12953281	2.70214605
-0.37884215	-0.13293944	2.70214605
-0.37733674	-0.13422282	2.70214462
-0.37241569	-0.13441092	2.70213842
-0.37028116	-0.13523427	2.70213604
-0.36877567	-0.13651775	2.70213437
-0.36694819	-0.13853712	2.70213270
-0.36454371	-0.13976364	2.70212984
-0.36261371	-0.14225125	2.70212817
-0.36254337	-0.14385144	2.70212865
-0.36194891	-0.14605723	2.70212841
-0.36062241	-0.14827126	2.70212746
-0.35710508	-0.15017636	2.70212340
-0.35532349	-0.15319513	2.70212197
-0.35228688	-0.15502861	2.70211864
-0.35166198	-0.15683503	2.70211840
-0.34826371	-0.15707242	2.70211434
-0.34746885	-0.15988088	2.70211411
-0.34271389	-0.16193300	2.70210862
-0.34195229	-0.16407403	2.70210814
-0.33841169	-0.16677924	2.70210457
-0.33603674	-0.17020479	2.70210242
-0.33026296	-0.17133549	2.70209551
-0.33025965	-0.17673364	2.70209694
-0.32839978	-0.17762089	2.70209479
-0.32617557	-0.17797872	2.70209217
-0.32624373	-0.17997742	2.70209289
-0.32013002	-0.18311171	2.70208597
-0.31897527	-0.18505682	2.70208502
-0.31790176	-0.18633594	2.70208406
-0.31668288	-0.19288033	2.70208430
-0.31559327	-0.19789039	2.70208430
-0.31490827	-0.20143037	2.70208454
-0.30717972	-0.20251590	2.70207500
-0.30564460	-0.20593205	2.70207405
-0.30284712	-0.20696303	2.70207071
-0.30210394	-0.20863736	2.70207024
-0.30189127	-0.21270546	2.70207119
-0.29659450	-0.21403033	2.70206499
-0.29481128	-0.21631674	2.70206332
-0.29316086	-0.21853390	2.70206189
-0.29273212	-0.22260401	2.70206237
-0.30142725	-0.31901264	2.70210004
-0.29900438	-0.32070577	2.70209742
-0.29874560	-0.32377404	2.70209813
-0.29586959	-0.32700470	2.70209527
-0.29544210	-0.32927558	2.70209527
-0.27450436	-0.47919664	2.70211053
-0.27250087	-0.50500965	2.70211506
-0.27268308	-0.51000613	2.70211673
-0.27254248	-0.51320666	2.70211744
-0.27256879	-0.51647186	2.70211840
-0.27339751	-0.51812899	2.70211983
-0.27381992	-0.52052343	2.70212102
-0.27397293	-0.52672261	2.70212317
-0.27484497	-0.52957630	2.70212483
-0.27533683	-0.53217018	2.70212626
-0.27678043	-0.53528869	2.70212889
-0.27648592	-0.53922182	2.70212960
-0.27769434	-0.54027683	2.70213151
-0.27421957	-0.59156716	2.70214128
-0.27407494	-0.59763348	2.70214272
-0.27488208	-0.60082340	2.70214462
-0.27472118	-0.60375756	2.70214534
-0.27520263	-0.60621816	2.70214653
-0.27568418	-0.60867888	2.70214796
-0.27552325	-0.61161298	2.70214844
-0.27624381	-0.61327112	2.70214987
-0.27659702	-0.61546642	2.70215106
-0.27760294	-0.61732143	2.70215273
-0.27749085	-0.62018859	2.70215344
-0.27737880	-0.62305552	2.70215416
-0.27756509	-0.62518603	2.70215487
-0.27759153	-0.62845147	2.70215583
-0.27672011	-0.62986070	2.70215511
-0.27500045	-0.64134288	2.70215607
-0.27196497	-0.64137685	2.70215225
-0.27193531	-0.64350975	2.70215297
-0.27175283	-0.64797693	2.70215392
-0.27095073	-0.64958525	2.70215321
-0.26931888	-0.65133625	2.70215178
-0.26871413	-0.65340894	2.70215154
-0.26834452	-0.65754515	2.70215225
-0.26743433	-0.66861868	2.70215416
-0.26691622	-0.67222333	2.70215440
-0.26602119	-0.67876446	2.70215511
-0.26604757	-0.68202972	2.70215607
-0.26520669	-0.68383855	2.70215559
-0.26473740	-0.68737602	2.70215583
-0.26432005	-0.68978012	2.70215607
-0.26383767	-0.69425106	2.70215678
-0.26365429	-0.70051795	2.70215821
-0.26247814	-0.70399600	2.70215774
-0.26184094	-0.70926821	2.70215845
-0.26063249	-0.71161413	2.70215750
-0.26077223	-0.71534562	2.70215869
-0.26011032	-0.71808505	2.70215869
-0.27174130	-0.88950330	2.70222092
-0.27213824	-0.89629704	2.70222306
-0.27473712	-0.89660120	2.70222664
-0.27726674	-0.89670634	2.70222974
-0.27754462	-0.90516740	2.70223236
-0.27943182	-0.90574622	2.70223498
-0.28292856	-0.90790647	2.70223999
-0.28536585	-0.91034406	2.70224380
-0.28875077	-0.91103989	2.70224810
-0.28887758	-0.91570473	2.70224977
-0.29027039	-0.91648763	2.70225167
-0.29197031	-0.91673505	2.70225382
-0.29370499	-0.91964841	2.70225692
-0.29938820	-0.91985142	2.70226407
-0.30062905	-0.92376977	2.70226669
-0.30322564	-0.92594171	2.70227051
-0.30526447	-0.92598528	2.70227313
-0.30614734	-0.92804211	2.70227480
-0.30821294	-0.92875063	2.70227766
-0.31015271	-0.92899662	2.70228028
-0.31419203	-0.93008471	2.70228553
-0.31624645	-0.93072844	2.70228839
-0.31940711	-0.93202609	2.70229268
-0.32137379	-0.93293720	2.70229530
-0.32601619	-0.93295085	2.70230126
-0.32622996	-0.93654752	2.70230246
-0.32800797	-0.93719542	2.70230484
-0.33068699	-0.94036424	2.70230913
-0.33202973	-0.94128227	2.70231104
-0.33403504	-0.94199306	2.70231390
-0.33823064	-0.94221193	2.70231915
-0.34517494	-0.94486874	2.70232868
-0.34758437	-0.94844043	2.70233274
-0.34984905	-0.94861472	2.70233560
-0.35624459	-0.94934446	2.70234394
-0.36007822	-0.95056796	2.70234919
-0.36731097	-0.94975442	2.70235801
-0.37064779	-0.95304966	2.70236301
-0.37092066	-0.95671225	2.70236444
-0.37231117	-0.95936251	2.70236683
-0.37508911	-0.96059763	2.70237088
-0.37711653	-0.96230721	2.70237374
-0.37944576	-0.96301472	2.70237684
-0.38005260	-0.96680725	2.70237875
-0.38151342	-0.96785724	2.70238090
-0.38322353	-0.96823812	2.70238304
-0.38722125	-0.97059304	2.70238876
-0.39288014	-0.97339582	2.70239687
-0.39919043	-0.97765750	2.70240593
-0.40075091	-0.97930622	2.70240831
-0.40530452	-0.97965574	2.70241404
-0.40740642	-0.98203140	2.70241737
-0.40947899	-0.98654020	2.70242143
-0.41121659	-0.98838687	2.70242405
-0.41405159	-0.98895532	2.70242786
-0.41505337	-0.99367619	2.70243025
-0.41865078	-0.99463564	2.70243502
-0.42048618	-0.99634808	2.70243788
-0.42415991	-0.99870622	2.70244312
-0.42719972	-1.00093865	2.70244765
-0.42726135	-1.00426948	2.70244861
-0.42909309	-1.00451648	2.70245099
-0.43020138	-1.00590324	2.70245290
-0.43101996	-1.00742722	2.70245433
-0.43355975	-1.00766540	2.70245743
-0.43399236	-1.01019323	2.70245886
-0.43674684	-1.01222849	2.70246291
-0.43760011	-1.01641810	2.70246506
-0.43963394	-1.01679540	2.70246768
-0.44106808	-1.01891172	2.70247006
-0.44361320	-1.01961684	2.70247340
-0.44593787	-1.02238941	2.70247722
-0.44991645	-1.02267909	2.70248222
-0.45158488	-1.02432644	2.70248485
-0.45327464	-1.02444088	2.70248699
-0.45498076	-1.02768767	2.70249009
-0.45506629	-1.03101897	2.70249104
-0.45649844	-1.03240252	2.70249319
-0.45670298	-1.03406644	2.70249414
-0.45866978	-1.03497756	2.70249677
-0.46011934	-1.03769398	2.70249939
-0.46133268	-1.04014635	2.70250154
-0.46142927	-1.04181135	2.70250201
-0.46285135	-1.04306173	2.70250416
-0.46512634	-1.04336941	2.70250726
-0.46546543	-1.04829776	2.70250893
-0.46925849	-1.04898882	2.70251393
-0.47007394	-1.05157900	2.70251584
-0.47189924	-1.05315864	2.70251846
-0.47533986	-1.05418622	2.70252299
-0.47666937	-1.05603766	2.70252538
-0.48167151	-1.05691469	2.70253181
-0.48472750	-1.06227922	2.70253706
-0.48551616	-1.06593585	2.70253921
-0.48656696	-1.07058966	2.70254183
-0.48706138	-1.07211661	2.70254278
-0.49015120	-1.07248259	2.70254683
-0.49089217	-1.07440686	2.70254827
-0.49190614	-1.07566214	2.70254993
-0.49433804	-1.07590139	2.70255303
-0.49575609	-1.08001804	2.70255589
-0.49683103	-1.08207190	2.70255780
-0.49742034	-1.08453143	2.70255923
-0.49902993	-1.08611310	2.70256186
-0.50075734	-1.08782649	2.70256448
-0.50100267	-1.09002316	2.70256543
-0.50270265	-1.09027076	2.70256758
-0.50303435	-1.09399927	2.70256901
-0.50481087	-1.09564579	2.70257163
-0.50722116	-1.09741819	2.70257521
-0.50884914	-1.09853327	2.70257759
-0.51139498	-1.10177064	2.70258164
-0.51148033	-1.10510182	2.70258284
-0.51348579	-1.10581267	2.70258546
-0.51513577	-1.10792673	2.70258808
-0.51553684	-1.11185443	2.70258975
-0.51716471	-1.11296964	2.70259213
-0.51884431	-1.11295092	2.70259428
-0.51984072	-1.11720490	2.70259666
-0.52292931	-1.11936998	2.70260119
-0.52327234	-1.12143242	2.70260215
-0.52356648	-1.12356162	2.70260310
-0.52783495	-1.12371421	2.70260859
-0.52799976	-1.12737775	2.70260978
-0.52914381	-1.12963092	2.70261192
-0.53306991	-1.13025331	2.70261693
-0.53321981	-1.13411772	2.70261812
-0.53647292	-1.13481414	2.70262241
-0.53762740	-1.13720047	2.70262456
-0.53824538	-1.13932657	2.70262599
-0.54002470	-1.13990664	2.70262837
-0.54060012	-1.14509892	2.70263052
-0.54074442	-1.14849615	2.70263171
-0.54197091	-1.15001488	2.70263362
-0.54258895	-1.15214121	2.70263505
-0.54484069	-1.15324903	2.70263815
-0.54566920	-1.15490603	2.70263958
-0.54714036	-1.15608931	2.70264196
-0.54883909	-1.15813625	2.70264459
-0.54937857	-1.16246223	2.70264649
-0.55041283	-1.16398370	2.70264816
-0.55113351	-1.16564178	2.70264959
-0.55226761	-1.16776192	2.70265150
-0.55430156	-1.16813934	2.70265412
-0.55573881	-1.17432117	2.70265770
-0.55688298	-1.17657459	2.70265985
-0.56104124	-1.18032682	2.70266604
-0.56158501	-1.18691921	2.70266867
-0.56325519	-1.18929935	2.70267129
-0.56389970	-1.19469094	2.70267367
-0.56572384	-1.19806969	2.70267701
-0.56623578	-1.20092964	2.70267844
-0.56759763	-1.20391321	2.70268083
-0.56802011	-1.20630789	2.70268202
-0.56883860	-1.20783162	2.70268345
-0.56988299	-1.20948625	2.70268536
-0.57130104	-1.21360278	2.70268822
-0.57266003	-1.21765304	2.70269108
-0.57349765	-1.22124255	2.70269322
-0.57432342	-1.22396612	2.70269489
-0.57494318	-1.22682500	2.70269656
-0.57582247	-1.22914720	2.70269823
-0.57631230	-1.23100841	2.70269942
-0.57751548	-1.23332739	2.70270157
-0.57770175	-1.23545802	2.70270228
-0.57842243	-1.23711610	2.70270371
-0.57938766	-1.23843861	2.70270538
-0.58089507	-1.24302030	2.70270848
-0.58200765	-1.24667358	2.70271087
-0.58255839	-1.24933338	2.70271230
-0.58431226	-1.25431228	2.70271587
-0.58565867	-1.26182795	2.70271969
-0.58625841	-1.26442063	2.70272112
-0.58709717	-1.26621056	2.70272279
-0.58802354	-1.26773334	2.70272422
-0.59016716	-1.27830613	2.70272994
-0.59113014	-1.28322744	2.70273256
-0.59215111	-1.29001391	2.70273566
-0.59341848	-1.29719782	2.70273924
-0.59403825	-1.30005646	2.70274091
-0.59476614	-1.30291426	2.70274258
-0.59510690	-1.30857527	2.70274448
-0.59722030	-1.30928493	2.70274734
-0.59764779	-1.31647778	2.70274997
-0.59807014	-1.31887257	2.70275116
-0.59844977	-1.32433331	2.70275307
-0.59893632	-1.33159232	2.70275569
-0.59980261	-1.33484840	2.70275784
-0.60019243	-1.34044242	2.70275974
-0.60061479	-1.34283686	2.70276093
-0.60322976	-1.35573721	2.70276785
-0.60320061	-1.39392579	2.70277834
-0.60153115	-1.39407778	2.70277643
-0.60131216	-1.40461028	2.70277905
-0.60106075	-1.40887856	2.70278001
-0.60108709	-1.41214359	2.70278072
-0.60153449	-1.44799459	2.70279145
-0.60149670	-1.45585930	2.70279336
-0.60138357	-1.46998954	2.70279717
-0.60111064	-1.47579074	2.70279860
-0.60125899	-1.49524999	2.70280409
-0.60039771	-1.49679232	2.70280337
-0.59935939	-1.49813676	2.70280242
-0.59748709	-1.50248957	2.70280123
-0.59705448	-1.50942564	2.70280266
-0.59618700	-1.51743281	2.70280385
-0.59561998	-1.52110481	2.70280409
-0.59382319	-1.52865577	2.70280409
-0.59253335	-1.53426850	2.70280385
-0.59208441	-1.53807235	2.70280433
-0.59135139	-1.53987992	2.70280385
-0.59073532	-1.54361892	2.70280433
-0.58956873	-1.54469824	2.70280313
-0.58921027	-1.54716802	2.70280337
-0.58916628	-1.56149745	2.70280719
-0.58542317	-1.56840372	2.70280433
-0.58334744	-1.56929302	2.70280194
-0.58341271	-1.57235837	2.70280290
-0.58236420	-1.57356966	2.70280194
-0.58127677	-1.57498121	2.70280099
-0.58019686	-1.57759249	2.70280027
-0.57993513	-1.58172750	2.70280123
-0.57811481	-1.58494663	2.70279980
-0.57610536	-1.58710170	2.70279789
-0.57551682	-1.59230673	2.70279860
-0.57304519	-1.59406710	2.70279598
-0.57246804	-1.59760571	2.70279622
-0.57060599	-1.60209179	2.70279503
-0.56933868	-1.60437191	2.70279408
-0.56836551	-1.60878146	2.70279408
-0.56716716	-1.61126065	2.70279336
-0.56600964	-1.61427224	2.70279264
-0.56446433	-1.61755526	2.70279169
-0.56370085	-1.61896360	2.70279098
-0.56335777	-1.62636495	2.70279264
-0.56265223	-1.62963855	2.70279264
-0.56216455	-1.63364267	2.70279312
-0.56221229	-1.63537478	2.70279360
-0.56226623	-1.64010620	2.70279503
-0.56159115	-1.64377916	2.70279527
-0.55890042	-1.65607202	2.70279527
-0.55602264	-1.65856993	2.70279241
-0.55475533	-1.66085029	2.70279145
-0.55537355	-1.67930365	2.70279717
-0.55345476	-1.68012500	2.70279503
-0.55176371	-1.68180966	2.70279336
-0.55099922	-1.68501735	2.70279336
-0.55009055	-1.68996000	2.70279360
-0.54941547	-1.69363296	2.70279384
-0.54769403	-1.69491839	2.70279193
-0.54752195	-1.69951892	2.70279288
-0.54624450	-1.70166612	2.70279193
-0.54379594	-1.70262587	2.70278907
-0.54361296	-1.70456100	2.70278955
-0.54196548	-1.70571184	2.70278764
-0.54099160	-1.70758915	2.70278692
-0.53860205	-1.70861495	2.70278430
-0.53844124	-1.71154928	2.70278478
-0.53723097	-1.71316242	2.70278382
-0.53539658	-1.71911454	2.70278311
-0.53465348	-1.72078907	2.70278263
-0.53296262	-1.72247410	2.70278096
-0.53022921	-1.72836924	2.70277905
-0.52888137	-1.73211646	2.70277858
-0.52663457	-1.73580694	2.70277667
-0.52614808	-1.73801184	2.70277667
-0.52369249	-1.74290419	2.70277500
-0.47362193	-1.90794444	2.70275760
-0.47364846	-1.91121006	2.70275855
-0.47508785	-1.91379321	2.70276117
-0.47482514	-1.91972780	2.70276237
-0.47636518	-1.92111003	2.70276475
-0.47643942	-1.92610765	2.70276618
-0.47855270	-1.92681718	2.70276904
-0.47828490	-1.93741703	2.70277166
-0.47897398	-1.94047475	2.70277333
-0.47901177	-1.94207430	2.70277381
-0.48066986	-1.94358850	2.70277643
-0.48016077	-1.94912577	2.70277715
-0.48024637	-1.95245743	2.70277834
-0.48104328	-1.95551395	2.70278025
-0.48088247	-1.95844841	2.70278072
-0.48140162	-1.96250808	2.70278263
-0.47922897	-1.98066008	2.70278478
-0.47910559	-1.98519325	2.70278597
-0.48044851	-1.98611152	2.70278788
-0.48174208	-1.99656057	2.70279241
-0.48366186	-2.00340366	2.70279670
-0.48337775	-2.01087141	2.70279837
-0.48315772	-2.01373935	2.70279884
-0.48331356	-2.01547050	2.70279956
-0.48420614	-2.02199197	2.70280266
-0.48490548	-2.02518296	2.70280433
-0.48430672	-2.03025460	2.70280504
-0.48625308	-2.03089952	2.70280766
-0.48595893	-2.03823423	2.70280933
-0.48571751	-2.04263520	2.70281029
-0.48576140	-2.04723358	2.70281148
-0.48558921	-2.05183387	2.70281267
-0.48581412	-2.05376434	2.70281339
-0.48658371	-2.05535507	2.70281482
-0.48569769	-2.06382871	2.70281601
-0.48697832	-2.06574750	2.70281816
-0.48771822	-2.06947112	2.70282006
-0.48738551	-2.07267427	2.70282054
-0.48834231	-2.07459641	2.70282245
-0.48829022	-2.08006167	2.70282388
-0.48827904	-2.08172774	2.70282435
-0.48840123	-2.08412600	2.70282507
-0.48831165	-2.08799243	2.70282602
-0.48836946	-2.08985758	2.70282650
-0.48895705	-2.09158444	2.70282793
-0.48982334	-2.09484029	2.70282984
-0.49127284	-2.09755683	2.70283246
-0.49161369	-2.10321784	2.70283437
-0.49260929	-2.10493946	2.70283604
-0.49312741	-2.11079884	2.70283842
-0.49354991	-2.11319327	2.70283961
-0.49390298	-2.11538863	2.70284057
-0.49403018	-2.11745334	2.70284128
-0.49564570	-2.12203383	2.70284462
-0.49656081	-2.12522268	2.70284677
-0.49774265	-2.12907505	2.70284939
-0.49896806	-2.13239336	2.70285177
-0.49917454	-2.13479018	2.70285273
-0.50020885	-2.13631177	2.70285439
-0.50105768	-2.13823462	2.70285606
-0.50250733	-2.14095116	2.70285869
-0.50352132	-2.14220643	2.70286012
-0.50541586	-2.14398503	2.70286298
-0.50851762	-2.14521694	2.70286727
-0.50888705	-2.15054440	2.70286918
-0.51050657	-2.15225911	2.70287180
-0.51184940	-2.15317726	2.70287371
-0.51289272	-2.15663147	2.70287609
-0.51453966	-2.15981197	2.70287895
-0.51602095	-2.16112852	2.70288110
-0.51758868	-2.16397715	2.70288396
-0.51841724	-2.16563392	2.70288539
-0.51847106	-2.17036510	2.70288682
-0.51868999	-2.17876029	2.70288944
-0.52029920	-2.18034172	2.70289183
-0.52046502	-2.18220592	2.70289254
-0.52135772	-2.18872738	2.70289564
-0.52225542	-2.19058323	2.70289731
-0.52486038	-2.19388652	2.70290136
-0.52520144	-2.19954801	2.70290351
-0.52587032	-2.20233941	2.70290494
-0.52638823	-2.20819855	2.70290732
-0.52726567	-2.20978832	2.70290899
-0.52731854	-2.21631908	2.70291066
-0.52747244	-2.22851253	2.70291424
-0.52761692	-2.23190975	2.70291543
-0.52807355	-2.23443818	2.70291662
-0.52819514	-2.23603559	2.70291734
-0.52872336	-2.24202800	2.70291972
-0.52876091	-2.24362683	2.70292020
-0.52954072	-2.24535084	2.70292163
-0.53024006	-2.24854207	2.70292330
-0.53150713	-2.25572586	2.70292687
-0.53327084	-2.34681296	2.70295453
-0.53434581	-2.34886670	2.70295644
-0.53535146	-2.35072184	2.70295811
-0.53629804	-2.35251093	2.70295978
-0.53716940	-2.36056566	2.70296311
-0.53852230	-2.36161661	2.70296526
-0.53985369	-2.36420107	2.70296764
-0.54088581	-2.36932111	2.70297027
-0.54203999	-2.37170744	2.70297241
-0.54515707	-2.37787080	2.70297813
-0.54602838	-2.38592553	2.70298147
-0.54763484	-2.38857388	2.70298409
-0.54950964	-2.39261818	2.70298767
-0.55146325	-2.39446259	2.70299053
-0.55267662	-2.39691496	2.70299268
-0.55290163	-2.39884496	2.70299363
-0.55300850	-2.40064335	2.70299435
-0.55620086	-2.40054107	2.70299816
-0.55826014	-2.40598345	2.70300245
-0.55904984	-2.40784049	2.70300388
-0.56053936	-2.40855718	2.70300603
-0.56448269	-2.41051245	2.70301151
-0.56602293	-2.41189504	2.70301366
-0.56727511	-2.41414690	2.70301604
-0.56761700	-2.41800833	2.70301747
-0.57065976	-2.41917467	2.70302153
-0.56926405	-2.42118907	2.70302033
-0.56784046	-2.58941841	2.70306516
-0.56853390	-2.59474277	2.70306754
-0.56875861	-2.59667301	2.70306849
-0.56981647	-2.60252643	2.70307136
-0.56992340	-2.60432482	2.70307207
-0.57086062	-2.60851264	2.70307446
-0.57115197	-2.61170912	2.70307565
-0.57138169	-2.61330509	2.70307636
-0.57142472	-2.61537123	2.70307708
-0.57205296	-2.61763048	2.70307827
-0.57369989	-2.62081122	2.70308137
-0.57404816	-2.62767220	2.70308375
-0.57520235	-2.63005853	2.70308590
-0.57597256	-2.63245058	2.70308733
-0.57668304	-2.63397527	2.70308876
-0.57716441	-2.63643575	2.70308995
-0.57788539	-2.64495730	2.70309329
-0.57871401	-2.64661384	2.70309472
-0.57965243	-2.64900279	2.70309663
-0.58039880	-2.65139389	2.70309830
-0.58190501	-2.65264273	2.70310044
-0.58297050	-2.66049671	2.70310402
-0.58353966	-2.66269016	2.70310545
-0.58374614	-2.66508675	2.70310616
-0.58407921	-2.66701627	2.70310712
-0.58494413	-2.66867018	2.70310879
-0.58627558	-2.67125440	2.70311117
-0.58699322	-2.67397928	2.70311284
-0.58880019	-2.67602515	2.70311570
-0.58980596	-2.67788005	2.70311737
-0.59022713	-2.68207407	2.70311928
-0.59144878	-2.68392682	2.70312119
-0.59529620	-2.68501759	2.70312643
-0.59947276	-2.68830347	2.70313263
-0.60460746	-2.69171214	2.70314002
-0.61066079	-2.70923853	2.70315242
-0.61366069	-2.71347046	2.70315742
-0.61602437	-2.72117543	2.70316243
-0.61797088	-2.72181988	2.70316505
-0.60060197	-2.83004642	2.70317316
-0.59879297	-2.84106278	2.70317411
-0.59545350	-2.86029363	2.70317507
-0.59096003	-2.87713885	2.70317411
-0.58483577	-2.89393520	2.70317101
-0.58125120	-2.90150642	2.70316863
-0.56802320	-2.92704558	2.70315909
-0.54614747	-2.95334816	2.70313883
-0.49464327	-3.01396918	2.70309067
-0.48984027	-3.01428914	2.70308471
-0.42669642	-3.01585841	2.70300555
-0.41249669	-3.01561689	2.70298767
-0.36863935	-3.00964022	2.70293069
