//X	Y	Z
0.06595570	0.96210164	1.38470793
0.01183743	0.97963786	1.38454270
-0.00166797	0.98283654	1.38450336
-0.00297486	0.97974658	1.38450468
-0.00350693	0.97792256	1.38450599
-0.00787347	0.97472495	1.38449967
-0.01019662	0.97349232	1.38449562
-0.01037429	0.97229666	1.38449693
-0.01011150	0.97051907	1.38450027
-0.02156337	0.96138734	1.38448477
-0.02133407	0.95832205	1.38448989
-0.04895288	0.94150585	1.38444459
-0.04463268	0.93346012	1.38446784
-0.05808452	0.91921085	1.38445485
-0.05905980	0.91198242	1.38446331
-0.06664757	0.90606624	1.38445282
-0.06812244	0.90489501	1.38445079
-0.07078384	0.90236884	1.38444781
-0.07569586	0.89489287	1.38444650
-0.07722058	0.89224416	1.38444662
-0.07659157	0.89018136	1.38445127
-0.07883749	0.88863575	1.38444793
-0.08038660	0.88695896	1.38444638
-0.10153040	0.87349910	1.38441265
-0.09831330	0.86686337	1.38443089
-0.09602645	0.86082184	1.38444591
-0.10433524	0.85451013	1.38443410
-0.10509422	0.85172325	1.38443637
-0.10501253	0.85021234	1.38443887
-0.10495196	0.84815776	1.38444209
-0.10641415	0.84698129	1.38444018
-0.10816649	0.84251487	1.38444245
-0.10978991	0.84033227	1.38444149
-0.11106279	0.83938515	1.38443971
-0.11208954	0.83641750	1.38444161
-0.11290666	0.83326226	1.38444424
-0.11880977	0.82838213	1.38443649
-0.11713976	0.82434553	1.38444686
-0.12096253	0.82200533	1.38444054
-0.12103771	0.81978923	1.38444376
-0.12069647	0.81876534	1.38444614
-0.12152057	0.81773233	1.38444567
-0.12264531	0.81608593	1.38444519
-0.12708586	0.81323767	1.38443816
-0.12724309	0.81167752	1.38444006
-0.12714493	0.81035632	1.38444233
-0.12802674	0.80900747	1.38444209
-0.12903193	0.80824107	1.38444066
-0.13036305	0.80612272	1.38444054
-0.13135669	0.80358773	1.38444173
-0.13218890	0.80286098	1.38444078
-0.13232522	0.80179143	1.38444197
-0.13385823	0.79944921	1.38444161
-0.13439101	0.79591477	1.38444555
-0.13477857	0.79485416	1.38444626
-0.13707709	0.79350507	1.38444233
-0.13679825	0.79106206	1.38444674
-0.13734266	0.78929651	1.38444805
-0.13770525	0.78817213	1.38444877
-0.13887957	0.78675896	1.38444793
-0.14244746	0.78380275	1.38444328
-0.14249760	0.78152305	1.38444662
-0.14494036	0.78021282	1.38444233
-0.14647755	0.77762258	1.38444221
-0.14774625	0.77692342	1.38444006
-0.14907692	0.77566034	1.38443851
-0.15021423	0.77407235	1.38443804
-0.15021507	0.77236205	1.38444066
-0.15113394	0.77118784	1.38444006
-0.15164936	0.76960671	1.38444114
-0.15210737	0.76743305	1.38444328
-0.15311246	0.76666677	1.38444185
-0.15486363	0.76476568	1.38444018
-0.15543263	0.76311660	1.38444126
-0.15618274	0.76173407	1.38444138
-0.15695332	0.76071608	1.38444102
-0.15735324	0.75971377	1.38444149
-0.15804178	0.75803989	1.38444221
-0.15769219	0.75676280	1.38444507
-0.15822402	0.75574106	1.38444519
-0.15875572	0.75477237	1.38444531
-0.15859567	0.75321257	1.38444805
-0.15849328	0.75213945	1.38444996
-0.15975796	0.75088608	1.38444865
-0.16046697	0.74957675	1.38444877
-0.16151336	0.74868417	1.38444746
-0.16279483	0.74718809	1.38444638
-0.16266802	0.74519616	1.38444972
-0.16366467	0.74417627	1.38444877
-0.16435787	0.74214870	1.38445008
-0.16503362	0.74052244	1.38445079
-0.16439645	0.73890287	1.38445485
-0.16401793	0.73775697	1.38445759
-0.16574398	0.73659474	1.38445485
-0.16694315	0.73449582	1.38445497
-0.16653246	0.73276842	1.38445866
-0.16661516	0.73176682	1.38445997
-0.16756722	0.73016024	1.38445997
-0.16727939	0.72912133	1.38446224
-0.16818598	0.72788894	1.38446176
-0.16832641	0.72657126	1.38446343
-0.16851620	0.72548676	1.38446450
-0.16921686	0.72467339	1.38446403
-0.17004088	0.72364032	1.38446343
-0.17054795	0.72255510	1.38446379
-0.17106770	0.72067291	1.38446534
-0.17117944	0.71948695	1.38446677
-0.17139831	0.71821791	1.38446820
-0.17166640	0.71718204	1.38446903
-0.17186049	0.71579635	1.38447058
-0.17291941	0.71496224	1.38446915
-0.17306004	0.71359181	1.38447094
-0.17438209	0.71287739	1.38446856
-0.17478245	0.71101987	1.38447034
-0.17520358	0.70867175	1.38447285
-0.17490767	0.70732665	1.38447559
-0.17588401	0.70669162	1.38447404
-0.17602469	0.70532119	1.38447583
-0.17623937	0.70430017	1.38447678
-0.17607093	0.70328963	1.38447869
-0.17570464	0.70220202	1.38448131
-0.17659050	0.70140731	1.38448024
-0.17708552	0.70021099	1.38448083
-0.17688021	0.69897270	1.38448322
-0.17672782	0.69782531	1.38448524
-0.17779489	0.69649476	1.38448453
-0.17728029	0.69486701	1.38448834
-0.17777178	0.69375998	1.38448882
-0.17773889	0.69258785	1.38449061
-0.17825864	0.69145483	1.38449097
-0.18009157	0.69026273	1.38448811
-0.18056211	0.68814749	1.38449013
-0.18073161	0.68664557	1.38449192
-0.18048511	0.68548048	1.38449430
-0.18109863	0.68447107	1.38449430
-0.18082321	0.68349040	1.38449645
-0.18175019	0.68262249	1.38449538
-0.18141745	0.68104970	1.38449860
-0.18203963	0.68024069	1.38449824
-0.18200320	0.67915779	1.38450003
-0.18316895	0.67829353	1.38449836
-0.18277794	0.67714238	1.38450110
-0.18341719	0.67598498	1.38450110
-0.18314168	0.67500412	1.38450336
-0.18334401	0.67392492	1.38450444
-0.18339325	0.67265934	1.38450623
-0.18364902	0.67156512	1.38450730
-0.18402426	0.67044634	1.38450801
-0.18364184	0.66949564	1.38451040
-0.18462272	0.66850668	1.38450933
-0.18576431	0.66742015	1.38450813
-0.18607792	0.66601008	1.38450944
-0.18644089	0.66483301	1.38451028
-0.18668436	0.66368055	1.38451135
-0.18652362	0.66227955	1.38451385
-0.18659414	0.66116685	1.38451540
-0.18713802	0.66030931	1.38451529
-0.18699867	0.65906125	1.38451755
-0.18809442	0.65840173	1.38451576
-0.18778244	0.65714061	1.38451838
-0.18884496	0.65616411	1.38451719
-0.18940166	0.65445662	1.38451838
-0.18954664	0.65283823	1.38452041
-0.19004582	0.65134078	1.38452137
-0.19028933	0.65018827	1.38452256
-0.19028597	0.64872587	1.38452470
-0.19027789	0.64761740	1.38452649
-0.19118477	0.64633209	1.38452601
-0.19131313	0.64490330	1.38452792
-0.19084398	0.64365065	1.38453102
-0.19060981	0.64254385	1.38453329
-0.19231941	0.64157122	1.38453031
-0.19201951	0.63967198	1.38453400
-0.19210263	0.63856435	1.38453543
-0.19269982	0.63769203	1.38453519
-0.19326060	0.63653874	1.38453555
-0.19401067	0.63515621	1.38453567
-0.19421709	0.63382876	1.38453722
-0.19457999	0.63265175	1.38453805
-0.19436237	0.63135523	1.38454056
-0.19452739	0.63020718	1.38454187
-0.19498509	0.62888891	1.38454270
-0.19562799	0.62758905	1.38454294
-0.19578521	0.62602884	1.38454497
-0.19597945	0.62464339	1.38454652
-0.19624376	0.62300026	1.38454831
-0.19622391	0.62172759	1.38455033
-0.19676790	0.62081712	1.38455033
-0.19764937	0.62032336	1.38454878
-0.19729999	0.61899322	1.38455164
-0.19767146	0.61726725	1.38455331
-0.19709143	0.61549020	1.38455749
-0.19794451	0.61427271	1.38455713
-0.19766900	0.61329210	1.38455939
-0.19744718	0.61224359	1.38456154
-0.19821344	0.61152643	1.38456059
-0.19787221	0.61050254	1.38456309
-0.19877008	0.60981911	1.38456178
-0.19885302	0.60876447	1.38456321
-0.19845018	0.60744929	1.38456619
-0.19905995	0.60658216	1.38456595
-0.19894528	0.60545063	1.38456798
-0.19990531	0.60420328	1.38456738
-0.20022294	0.60254496	1.38456905
-0.20080021	0.60120207	1.38456964
-0.20148017	0.60007721	1.38456953
-0.20113887	0.59905332	1.38457203
-0.20114014	0.59648782	1.38457584
-0.20156503	0.59474677	1.38457739
-0.20170578	0.59337628	1.38457906
-0.20230356	0.59159547	1.38458025
-0.20225467	0.59050727	1.38458204
-0.20262992	0.58938843	1.38458276
-0.20232603	0.58768409	1.38458610
-0.20262316	0.58646375	1.38458717
-0.20268559	0.58504468	1.38458920
-0.20339832	0.58434260	1.38458836
-0.20371199	0.58293253	1.38458979
-0.20359756	0.58099872	1.38459289
-0.20417054	0.57990384	1.38459313
-0.20475186	0.57831293	1.38459408
-0.20530853	0.57660532	1.38459516
-0.20536679	0.57543421	1.38459682
-0.20610063	0.57343930	1.38459790
-0.20639005	0.57105750	1.38460076
-0.20611475	0.57002395	1.38460302
-0.20607424	0.56843972	1.38460553
-0.20592703	0.56603014	1.38460958
-0.20581242	0.56489891	1.38461161
-0.20672679	0.56402552	1.38461053
-0.20755094	0.56299245	1.38461006
-0.20811996	0.56134337	1.38461101
-0.20833464	0.56032234	1.38461208
-0.20842980	0.55932605	1.38461328
-0.20814219	0.55823416	1.38461566
-0.20896187	0.55750215	1.38461471
-0.21033379	0.55616581	1.38461316
-0.21068434	0.55493057	1.38461423
-0.21084152	0.55337012	1.38461614
-0.21087587	0.55037212	1.38462055
-0.21165070	0.54910606	1.38462055
-0.21186948	0.54783720	1.38462186
-0.21169743	0.54616642	1.38462484
-0.21273947	0.54557484	1.38462305
-0.21370804	0.54377848	1.38462329
-0.21486998	0.54230708	1.38462257
-0.21478441	0.54018879	1.38462591
-0.21461232	0.53851807	1.38462889
-0.21527995	0.53733492	1.38462901
-0.21507047	0.53634459	1.38463104
-0.21570113	0.53498667	1.38463140
-0.21598157	0.53400904	1.38463223
-0.21592034	0.53286260	1.38463414
-0.21672454	0.53055704	1.38463557
-0.21702151	0.52938962	1.38463652
-0.21797736	0.52839017	1.38463557
-0.22008207	0.52757138	1.38463140
-0.22073355	0.52572292	1.38463259
-0.22159490	0.52400923	1.38463295
-0.22161651	0.52180821	1.38463616
-0.22171177	0.52081192	1.38463748
-0.22282404	0.51996267	1.38463593
-0.22248735	0.51783562	1.38463998
-0.22300673	0.51680857	1.38464022
-0.22299099	0.51528794	1.38464248
-0.22544628	0.51323384	1.38463938
-0.22527461	0.51070791	1.38464355
-0.22772130	0.50920284	1.38463962
-0.22752821	0.50802255	1.38464189
-0.22787622	0.50361449	1.38464761
-0.22723189	0.49917600	1.38465595
-0.22801937	0.49711299	1.38465714
-0.22781441	0.49501929	1.38466084
-0.22939232	0.49321097	1.38465953
-0.22917050	0.49216238	1.38466167
-0.23009732	0.49134746	1.38466048
-0.23095042	0.49013001	1.38466012
-0.23123938	0.48860341	1.38466167
-0.23294497	0.48707670	1.38465965
-0.23301548	0.48596388	1.38466120
-0.23456427	0.48514217	1.38465846
-0.23522808	0.48335192	1.38465941
-0.23650095	0.48240468	1.38465762
-0.24309550	0.48046929	1.38464355
-0.26693419	0.47160554	1.38459587
-0.26859087	0.46899056	1.38459563
-0.26916319	0.46805438	1.38459551
-0.27749974	0.46412367	1.38458014
-0.27898693	0.46301070	1.38457799
-0.32936683	0.42821810	1.38450146
-0.45454741	0.31454766	1.38435245
-0.45706472	0.31192970	1.38434994
-0.45877028	0.31040284	1.38434792
-0.45912170	0.30745718	1.38435137
-0.45781386	0.30395380	1.38436007
-0.46242800	0.29935539	1.38435519
-0.46295968	0.29838666	1.38435531
-0.46455812	0.29694283	1.38435340
-0.46590111	0.29573795	1.38435173
-0.46505404	0.29323381	1.38435769
-0.46944183	0.28869021	1.38435328
-0.47457951	0.28281689	1.38434899
-0.47512391	0.28105128	1.38435030
-0.45438889	0.25712582	1.38443959
-0.45002112	0.24542624	1.38446844
-0.44577250	0.24286096	1.38448322
-0.41461825	0.24800009	1.38455534
-0.41074148	0.24365595	1.38457179
-0.40292102	0.23593830	1.38460350
-0.40120474	0.23398611	1.38461089
-0.39362568	0.22864245	1.38463831
-0.38759103	0.22507930	1.38465917
-0.38014391	0.19995248	1.38471627
-0.37723809	0.19703773	1.38472807
-0.36698338	0.02584536	1.38501298
-0.36877519	0.02472638	1.38501012
-0.39731741	0.01243817	1.38495553
-0.40922177	-0.00205649	1.38494694
-0.41422099	-0.02229497	1.38496470
-0.41414368	-0.02410685	1.38496757
-0.41525972	-0.02434894	1.38496506
-0.41559801	-0.02564256	1.38496614
-0.41663635	-0.02684136	1.38496530
-0.41696262	-0.02904861	1.38496780
-0.41809949	-0.02978139	1.38496602
-0.41897285	-0.03058136	1.38496506
-0.42258066	-0.03104525	1.38495648
-0.42271319	-0.03272199	1.38495862
-0.42359471	-0.03321574	1.38495719
-0.42425787	-0.03409810	1.38495672
-0.42545640	-0.03453960	1.38495433
-0.42608288	-0.03564950	1.38495445
-0.42709178	-0.03580868	1.38495207
-0.43127641	-0.03676032	1.38494277
-0.43599224	-0.03707633	1.38493121
-0.43749917	-0.03841525	1.38492942
-0.44113567	-0.03901080	1.38492095
-0.44301772	-0.03916779	1.38491631
-0.44535258	-0.03943393	1.38491082
-0.44644022	-0.04039973	1.38490951
-0.44653541	-0.04139605	1.38491070
-0.44808415	-0.04221775	1.38490796
-0.45151058	-0.04289547	1.38490021
-0.45488781	-0.04305682	1.38489187
-0.48130336	-0.04086543	1.38482082
-0.48403412	-0.04193893	1.38481545
-0.48518336	-0.04261344	1.38481355
-0.48723871	-0.04366521	1.38480985
-0.48910153	-0.04675219	1.38480973
-0.48978961	-0.04757082	1.38480926
-0.50675803	-0.04402003	1.38476038
-0.50836790	-0.04369529	1.38475573
-0.50937307	-0.04446166	1.38475430
-0.51037788	-0.04437289	1.38475156
-0.51574790	-0.04336455	1.38473630
-0.54657429	-0.03227111	1.38464057
-0.54753399	-0.03266331	1.38463867
-0.55426967	-0.03001925	1.38461745
-0.56546468	-0.02558264	1.38458204
-0.56839210	-0.02486890	1.38457346
-0.56973433	-0.02436338	1.38456929
-0.57078838	-0.02404159	1.38456607
-0.57214290	-0.02347782	1.38456178
-0.57663083	-0.02181697	1.38454771
-0.57867730	-0.02146463	1.38454199
-0.58116829	-0.02077848	1.38453460
-0.58227164	-0.02022366	1.38453090
-0.58724517	-0.01830242	1.38451529
-0.58857507	-0.01785516	1.38451111
-0.59017265	-0.01758868	1.38450670
-0.59508473	-0.01595849	1.38449156
-0.59643930	-0.01539472	1.38448727
-0.59973311	-0.01439571	1.38447738
-0.60128105	-0.01350708	1.38447201
-0.60424525	-0.01176318	1.38446176
-0.60581821	-0.01161321	1.38445759
-0.60728908	-0.01333863	1.38445640
-0.60850358	-0.01311491	1.38445294
-0.60971433	-0.01269577	1.38444924
-0.61070275	-0.01321944	1.38444746
-0.61244839	-0.01230690	1.38444161
-0.61393934	-0.01281267	1.38443851
-0.61599386	-0.01215411	1.38443232
-0.61766547	-0.01153810	1.38442707
-0.61945647	-0.01094674	1.38442159
-0.62149030	-0.00979728	1.38441467
-0.62252825	-0.01014092	1.38441253
-0.62515485	-0.00881397	1.38440382
-0.62737441	-0.00930343	1.38439882
-0.62971693	-0.00765898	1.38439035
-0.63087809	-0.00742009	1.38438702
-0.63523376	-0.00493767	1.38437212
-0.63703752	-0.00514322	1.38436782
-0.63851595	-0.00565425	1.38436472
-0.63938051	-0.00510313	1.38436174
-0.64038926	-0.00446014	1.38435817
-0.64144742	-0.00438632	1.38435531
-0.64246446	-0.00423927	1.38435245
-0.64436644	-0.00312362	1.38434589
-0.64649945	-0.00241629	1.38433945
-0.64935619	-0.00053673	1.38432920
-0.65143132	-0.00031608	1.38432360
-0.65238309	-0.00106728	1.38432229
-0.65360188	-0.00034214	1.38431811
-0.65538061	0.00019097	1.38431275
-0.65886307	0.00267098	1.38429999
-0.65957582	0.00196886	1.38429928
-0.66093445	0.00228465	1.38429534
-0.66259378	0.00284240	1.38429022
-0.66556191	0.00514049	1.38427913
-0.66676885	0.00420304	1.38427746
-0.66773635	0.00491923	1.38427389
-0.66955203	0.00562711	1.38426816
-0.67066765	0.00624017	1.38426435
-0.67179596	0.00605634	1.38426173
-0.67336452	0.00730968	1.38425589
-0.67464888	0.00813111	1.38425136
-0.67623377	0.00919452	1.38424563
-0.67749357	0.00989943	1.38424134
-0.67878604	0.01102710	1.38423634
-0.68016529	0.01170736	1.38423181
-0.69238532	0.02495392	1.38418043
-0.69570088	0.02375191	1.38417375
-0.69898283	0.02383749	1.38416529
-0.70647681	0.03226358	1.38413334
-0.70838732	0.03283029	1.38412762
-0.72108340	0.04945188	1.38406992
-0.72257346	0.05065643	1.38406432
-0.72729260	0.05110659	1.38405156
-0.73684597	0.04456951	1.38403690
-0.73812699	0.04392859	1.38403463
-0.73933744	0.04440051	1.38403082
-0.74086529	0.04406948	1.38402736
-0.75512171	0.06163798	1.38396430
-0.76961148	0.08202383	1.38389635
-0.77216417	0.08300127	1.38388836
-0.77723098	0.07909615	1.38388121
-0.77937222	0.07930730	1.38387549
-0.78350896	0.08305847	1.38385916
-0.78439379	0.08402710	1.38385546
-0.78873086	0.08267136	1.38384640
-0.78988349	0.08345918	1.38384223
-0.79595423	0.08970988	1.38381720
-0.79683906	0.09067845	1.38381350
-0.79913676	0.09103978	1.38380706
-0.80291307	0.09083723	1.38379765
-0.80838335	0.08808833	1.38378787
-0.80926847	0.08900414	1.38378417
-0.81032181	0.09023390	1.38377964
-0.81265533	0.09333566	1.38376892
-0.81415808	0.09374328	1.38376451
-0.81734073	0.09507319	1.38375437
-0.81926388	0.09484301	1.38374972
-0.82091039	0.09619765	1.38374352
-0.82231438	0.09699465	1.38373864
-0.82433534	0.09894081	1.38373053
-0.82903790	0.09877827	1.38371873
-0.83189237	0.09743220	1.38371348
-0.83286810	0.09770542	1.38371062
-0.83441204	0.09878905	1.38370502
-0.83545375	0.09905260	1.38370192
-0.83906293	0.10357770	1.38368583
-0.84165299	0.10387474	1.38367879
-0.84373593	0.10525698	1.38367128
-0.84517676	0.10622853	1.38366616
-0.84829783	0.10646498	1.38365781
-0.84928989	0.10735066	1.38365388
-0.85127848	0.10801893	1.38364780
-0.85241079	0.10838931	1.38364434
-0.85348094	0.10937656	1.38364017
-0.85582793	0.10997085	1.38363326
-0.85676289	0.10946212	1.38363159
-0.85753274	0.11015464	1.38362861
-0.85828578	0.11108963	1.38362527
-0.86153460	0.11160766	1.38361609
-0.86254823	0.11179091	1.38361323
-0.86363930	0.11228747	1.38360965
-0.86564791	0.11267681	1.38360393
-0.86694169	0.11273755	1.38360059
-0.86795771	0.11314935	1.38359737
-0.86869431	0.11427404	1.38359368
-0.87025911	0.11411779	1.38358998
-0.87176502	0.11529139	1.38358438
-0.87260532	0.11642243	1.38358045
-0.87400055	0.11776817	1.38357484
-0.87456858	0.11868475	1.38357198
-0.87598503	0.11868460	1.38356841
-0.87712133	0.11885978	1.38356519
-0.87879217	0.12118634	1.38355744
-0.88101161	0.12069665	1.38355243
-0.88221729	0.12232469	1.38354695
-0.88394666	0.12262480	1.38354206
-0.88474119	0.12343380	1.38353872
-0.88567162	0.12402824	1.38353550
-0.88645357	0.12483177	1.38353229
-0.88765526	0.12665479	1.38352644
-0.88902253	0.12642168	1.38352323
-0.89017075	0.12751044	1.38351870
-0.89121270	0.12772101	1.38351572
-0.89237314	0.12886806	1.38351095
-0.89336997	0.12859762	1.38350880
-0.89490569	0.12942824	1.38350368
-0.89572459	0.13040650	1.38350010
-0.89796400	0.13193887	1.38349199
-0.90059912	0.13271688	1.38348413
-0.90170205	0.13412687	1.38347912
-0.90310591	0.13492368	1.38347435
-0.90439880	0.13519616	1.38347065
-0.90623927	0.13602075	1.38346469
-0.90749896	0.13672566	1.38346040
-0.90819865	0.13767563	1.38345718
-0.91010046	0.13879126	1.38345063
-0.91239780	0.14000772	1.38344288
-0.91430795	0.14142981	1.38343585
-0.91537058	0.14120267	1.38343346
-0.91674554	0.14213096	1.38342845
-0.91774929	0.14398304	1.38342309
-0.91882372	0.14466932	1.38341939
-0.92012048	0.14554903	1.38341475
-0.92108369	0.14656618	1.38341069
-0.92268103	0.14768806	1.38340485
-0.92417490	0.14949980	1.38339829
-0.92538154	0.14936452	1.38339543
-0.92631567	0.15056613	1.38339126
-0.92843235	0.15066081	1.38338566
-0.93143415	0.15086889	1.38337767
-0.93252099	0.15161341	1.38337374
-0.93357503	0.15193522	1.38337052
-0.93557668	0.15175381	1.38336575
-0.93644917	0.15266415	1.38336205
-0.93771309	0.15312111	1.38335812
-0.93894434	0.15310234	1.38335502
-0.94053781	0.15361680	1.38335013
-0.94146383	0.15451220	1.38334644
-0.94280690	0.15405676	1.38334370
-0.94438243	0.15663004	1.38333583
-0.94599330	0.15599385	1.38333261
-0.94773877	0.15695938	1.38332665
-0.94888753	0.15714002	1.38332343
-0.94945550	0.15805641	1.38332069
-0.95068669	0.15884000	1.38331628
-0.95191348	0.15837280	1.38331389
-0.95274889	0.15991056	1.38330936
-0.95410365	0.15967214	1.38330626
-0.95532203	0.16050328	1.38330185
-0.95656180	0.16073793	1.38329840
-0.95739740	0.16147353	1.38329506
-0.95856237	0.16151722	1.38329208
-0.95985556	0.16173697	1.38328838
-0.96032870	0.16279447	1.38328564
-0.96172023	0.16353302	1.38328087
-0.96304661	0.16332027	1.38327789
-0.96452916	0.16405965	1.38327289
-0.96555448	0.16451314	1.38326967
-0.96643931	0.16548175	1.38326585
-0.96844852	0.16496292	1.38326156
-0.96929270	0.16589895	1.38325799
-0.97098422	0.16623600	1.38325310
-0.97216654	0.16668063	1.38324940
-0.97337258	0.16820270	1.38324404
-0.97452140	0.16838335	1.38324082
-0.97496998	0.16932458	1.38323820
-0.97683442	0.17112064	1.38323069
-0.97838283	0.17115407	1.38322675
-0.97953486	0.17285006	1.38322115
-0.98188615	0.17314340	1.38321471
-0.98256111	0.17397685	1.38321173
-0.98393953	0.17561831	1.38320577
-0.98483312	0.17678736	1.38320172
-0.98582840	0.17913543	1.38319552
-0.98697639	0.18027698	1.38319087
-0.98849928	0.18265370	1.38318336
-0.99026573	0.18312855	1.38317811
-0.99091989	0.18445286	1.38317454
-0.99173093	0.18507199	1.38317144
-0.99287975	0.18525258	1.38316822
-0.99419606	0.18820712	1.38316047
-0.99486256	0.18958952	1.38315666
-0.99609649	0.19274363	1.38314867
-0.99727374	0.19364797	1.38314438
-0.99806821	0.19445680	1.38314104
-0.99884593	0.19550829	1.38313746
-1.00029123	0.19617885	1.38313282
-1.00156653	0.19840437	1.38312614
-1.00427723	0.19766286	1.38312030
-1.00587404	0.19963989	1.38311327
-1.00699270	0.20257047	1.38310599
-1.00744104	0.20351148	1.38310337
-1.00857711	0.20448904	1.38309896
-1.00911617	0.20553686	1.38309598
-1.01052010	0.20633386	1.38309121
-1.03916490	0.19661748	1.38303244
-1.04145873	0.19637154	1.38302696
-1.04259491	0.19729611	1.38302267
-1.04474866	0.19756572	1.38301671
-1.04633355	0.19862913	1.38301110
-1.04775000	0.19862899	1.38300741
-1.04953337	0.19805899	1.38300371
-1.05014634	0.19945632	1.38300002
-1.05210614	0.20025602	1.38299382
-1.05435050	0.19983013	1.38298869
-1.05486488	0.20076144	1.38298595
-1.05661082	0.20087180	1.38298130
-1.05731034	0.20182177	1.38297808
-1.05841362	0.20237657	1.38297451
-1.05952525	0.20323780	1.38297033
-1.06118488	0.20294043	1.38296652
-1.06263387	0.20421819	1.38296092
-1.06421924	0.20442644	1.38295650
-1.06556177	0.20407680	1.38295352
-1.06749737	0.20390485	1.38294888
-1.06913185	0.20434611	1.38294399
-1.07119060	0.20475668	1.38293815
-1.07265234	0.20523772	1.38293362
-1.07365716	0.20532651	1.38293099
-1.07461226	0.20603748	1.38292742
-1.07679045	0.20642337	1.38292122
-1.07871735	0.20680037	1.38291574
-1.07958579	0.20795873	1.38291180
-1.08072639	0.20783314	1.38290906
-1.08141375	0.20872480	1.38290596
-1.08483982	0.20890228	1.38289690
-1.08625627	0.20890217	1.38289320
-1.08882189	0.20908287	1.38288641
-1.09093833	0.20917749	1.38288081
-1.09233022	0.20906086	1.38287747
-1.09416687	0.20927809	1.38287246
-1.09715605	0.21028310	1.38286328
-1.10093153	0.21179067	1.38285124
-1.10208035	0.21197152	1.38284802
-1.10269761	0.21312089	1.38284481
-1.10856605	0.21204111	1.38283134
-1.11020064	0.21248236	1.38282645
-1.11601996	0.21116966	1.38281357
-1.11701202	0.21205533	1.38280964
-1.11860955	0.21232183	1.38280523
-1.12177992	0.21359369	1.38279510
-1.12357140	0.21332987	1.38279092
-1.12515664	0.21353811	1.38278651
-1.12595487	0.21495409	1.38278234
-1.12855768	0.21445420	1.38277650
-1.12954926	0.21619502	1.38277125
-1.13051653	0.21696423	1.38276768
-1.13251376	0.21708357	1.38276231
-1.13367498	0.21732268	1.38275898
-1.13491404	0.21766290	1.38275528
-1.13623190	0.21805212	1.38275135
-1.13880992	0.21743572	1.38274574
-1.13950920	0.21924086	1.38274121
-1.14148545	0.21985084	1.38273513
-1.14220929	0.22177252	1.38273048
-1.14397609	0.22139212	1.38272643
-1.14526057	0.22221360	1.38272190
-1.14880812	0.22639447	1.38270652
-1.15374565	0.22643058	1.38269389
-1.15546203	0.22838283	1.38268650
-1.15995014	0.22918849	1.38267374
-1.16120958	0.23074856	1.38266814
-1.16713977	0.22996002	1.38265419
-1.17148304	0.23238418	1.38263941
-1.18128526	0.23784521	1.38260603
-1.19936037	0.23505646	1.38256395
-1.20050919	0.23523711	1.38256073
-1.20409942	0.23672625	1.38254929
-1.20627737	0.23796736	1.38254178
-1.20866227	0.24532998	1.38252461
-1.21218276	0.24622147	1.38251424
-1.21420360	0.24816760	1.38250601
-1.22869003	0.24046907	1.38248062
-1.23027956	0.24042928	1.38247657
-1.23114371	0.24183559	1.38247228
-1.23225975	0.24159357	1.38246977
-1.23298419	0.24266019	1.38246632
-1.23472595	0.24301858	1.38246131
-1.23629904	0.24316852	1.38245702
-1.23839426	0.24460904	1.38244951
-1.24116576	0.24431747	1.38244283
-1.24278796	0.24470051	1.38243806
-1.24400699	0.24462350	1.38243508
-1.24477243	0.24561675	1.38243163
-1.24591732	0.24519014	1.38242924
-1.24678195	0.24579434	1.38242614
-1.24805439	0.24570234	1.38242304
-1.24871302	0.24672571	1.38241982
-1.24967265	0.24633351	1.38241792
-1.25033510	0.24710871	1.38241506
-1.25244772	0.24664916	1.38241041
-1.25363362	0.24700458	1.38240683
-1.25458455	0.24796352	1.38240290
-1.25564659	0.24859151	1.38239920
-1.25783324	0.24848151	1.38239384
-1.25920439	0.24885553	1.38238966
-1.25991619	0.24986377	1.38238633
-1.26101565	0.24981141	1.38238358
-1.26203728	0.24965766	1.38238120
-1.26269555	0.25073382	1.38237798
-1.26438355	0.25115991	1.38237298
-1.26502991	0.25212505	1.38236988
-1.26725721	0.25274399	1.38236320
-1.26891232	0.25354972	1.38235772
-1.26987195	0.25315756	1.38235593
-1.27107787	0.25473258	1.38235044
-1.27207446	0.25451517	1.38234818
-1.27397192	0.25673413	1.38233995
-1.27556944	0.25700068	1.38233542
-1.27704763	0.25729179	1.38233125
-1.27852213	0.25697571	1.38232791
-1.27927518	0.25791067	1.38232458
-1.28036237	0.25780010	1.38232195
-1.28170872	0.25805765	1.38231814
-1.28262675	0.25859380	1.38231492
-1.28365254	0.25819194	1.38231301
-1.28431511	0.25896710	1.38231003
-1.28587985	0.25881082	1.38230634
-1.28638208	0.25968415	1.38230371
-1.28732896	0.26008886	1.38230062
-1.28799176	0.26086405	1.38229775
-1.28926384	0.26162726	1.38229334
-1.29104245	0.26216033	1.38228798
-1.29347181	0.26180601	1.38228238
-1.29436946	0.26272687	1.38227868
-1.29609871	0.26308000	1.38227367
-1.29683924	0.26400977	1.38227034
-1.29803729	0.26442337	1.38226664
-1.29894400	0.26394036	1.38226509
-1.29970479	0.26528740	1.38226116
-1.30075860	0.26566216	1.38225782
-1.30175066	0.26649487	1.38225400
-1.30246687	0.26725513	1.38225102
-1.30351615	0.26873305	1.38224614
-1.30464375	0.27025956	1.38224089
-1.30626965	0.27124971	1.38223529
-1.30741370	0.27338892	1.38222909
-1.30929112	0.27438802	1.38222277
-1.31078935	0.27589881	1.38221669
-1.31300831	0.27706671	1.38220918
-1.31488180	0.27745888	1.38220382
-1.31666052	0.27799201	1.38219845
-1.31778049	0.27835703	1.38219500
-1.31935394	0.27759886	1.38219213
-1.32058835	0.27909547	1.38218677
-1.32148552	0.28012234	1.38218284
-1.32419837	0.28185701	1.38217330
-1.32516587	0.28262621	1.38216960
-1.32707667	0.28233775	1.38216519
-1.32788765	0.28295690	1.38216221
-1.33014345	0.28510192	1.38215315
-1.33170772	0.28430223	1.38215041
-1.33266234	0.28586835	1.38214552
-1.33357286	0.28674170	1.38214195
-1.33456481	0.28762737	1.38213801
-1.33558607	0.28752643	1.38213551
-1.33608818	0.28839958	1.38213301
-1.33687413	0.28975749	1.38212883
-1.33800972	0.29084086	1.38212430
-1.33914638	0.29096320	1.38212121
-1.33980489	0.29198655	1.38211799
-1.34115493	0.29285109	1.38211322
-1.34220934	0.29306713	1.38211024
-1.34340692	0.29438895	1.38210511
-1.34487295	0.29456887	1.38210106
-1.34553576	0.29534423	1.38209820
-1.34655237	0.29634646	1.38209414
-1.34774661	0.29620594	1.38209128
-1.34845424	0.29746205	1.38208759
-1.34956598	0.29752097	1.38208461
-1.35036862	0.29863599	1.38208091
-1.35132790	0.29909897	1.38207769
-1.35232806	0.30029088	1.38207340
-1.35328722	0.30075386	1.38207018
-1.35471606	0.30081195	1.38206649
-1.35564613	0.30226174	1.38206184
-1.35623860	0.30329463	1.38205886
-1.35819030	0.30378813	1.38205302
-1.35951591	0.30448335	1.38204861
-1.36088657	0.30571258	1.38204324
-1.36193275	0.30567521	1.38204062
-1.36259520	0.30650336	1.38203764
-1.36342216	0.30778790	1.38203359
-1.36472356	0.30751139	1.38203073
-1.36533260	0.30835459	1.38202786
-1.36591268	0.30932921	1.38202488
-1.36708641	0.30962658	1.38202143
-1.36825991	0.30992371	1.38201797
-1.36946225	0.31008938	1.38201463
-1.37044191	0.31091684	1.38201094
-1.37135994	0.31145304	1.38200772
-1.37224925	0.31212062	1.38200450
-1.37336063	0.31298172	1.38200033
-1.37435722	0.31276423	1.38199806
-1.37513900	0.31437016	1.38199365
-1.37701249	0.31476218	1.38198829
-1.37797546	0.31583226	1.38198411
-1.37887692	0.31655818	1.38198078
-1.37984443	0.31732732	1.38197708
-1.38112509	0.31754163	1.38197351
-1.38289487	0.31947881	1.38196599
-1.38385439	0.31908664	1.38196421
-1.38479304	0.31998748	1.38196039
-1.38577700	0.32056695	1.38195705
-1.38686371	0.32131153	1.38195312
-1.38826764	0.32210827	1.38194835
-1.38988984	0.32249129	1.38194358
-1.39115810	0.32264727	1.38194013
-1.39278436	0.32358447	1.38193452
-1.39380074	0.32463962	1.38193035
-1.39511037	0.32472241	1.38192677
-1.39651012	0.32576743	1.38192165
-1.39795136	0.32583082	1.38191783
-1.39854383	0.32686362	1.38191473
-1.39988244	0.32676196	1.38191152
-1.40052843	0.32777989	1.38190830
-1.40191984	0.32851842	1.38190365
-1.40334475	0.32802233	1.38190079
-1.40396214	0.32911891	1.38189745
-1.40554714	0.33018231	1.38189185
-1.40726840	0.33017620	1.38188744
-1.40813279	0.33078033	1.38188434
-1.40991139	0.33131337	1.38187897
-1.41092849	0.33146042	1.38187611
-1.41193318	0.33154923	1.38187337
-1.41304934	0.33130711	1.38187087
-1.41390538	0.33240724	1.38186705
-1.41548705	0.33200827	1.38186359
-1.41659427	0.33231512	1.38186026
-1.41784620	0.33266085	1.38185656
-1.41909778	0.33305952	1.38185275
-1.42048168	0.33258384	1.38184988
-1.42111540	0.33354360	1.38184690
-1.42216563	0.33325812	1.38184464
-1.42352438	0.33357394	1.38184059
-1.42453372	0.33330873	1.38183844
-1.42514253	0.33420485	1.38183558
-1.42652583	0.33463722	1.38183129
-1.42809892	0.33478713	1.38182712
-1.43000162	0.33494186	1.38182199
-1.43111777	0.33469981	1.38181949
-1.43161964	0.33557284	1.38181686
-1.43309784	0.33586398	1.38181269
-1.43494678	0.33613944	1.38180745
-1.43628895	0.33664492	1.38180327
-1.43768930	0.33603236	1.38180065
-1.43859088	0.33675826	1.38179719
-1.43964088	0.33652583	1.38179493
-1.44020915	0.33738944	1.38179207
-1.44162560	0.33738929	1.38178849
-1.44274974	0.33745342	1.38178551
-1.44382870	0.33783871	1.38178217
-1.44504333	0.33806270	1.38177872
-1.44635272	0.33814543	1.38177526
-1.44743133	0.33858377	1.38177180
-1.44877791	0.33878830	1.38176811
-1.44969583	0.33937746	1.38176477
-1.45091867	0.33990765	1.38176084
-1.45258641	0.33991647	1.38175654
-1.45377231	0.34027210	1.38175297
-1.45497036	0.34068576	1.38174927
-1.45664668	0.34014562	1.38174582
-1.45788586	0.34048605	1.38174212
-1.45894027	0.34075487	1.38173902
-1.46011758	0.34085703	1.38173592
-1.46105647	0.34170470	1.38173223
-1.46306586	0.34188229	1.38172674
-1.46412396	0.34195611	1.38172388
-1.46540058	0.34241852	1.38171995
-1.46662760	0.34270072	1.38171637
-1.46846831	0.34266993	1.38171172
-1.46973658	0.34282595	1.38170826
-1.47066689	0.34342033	1.38170493
-1.47158504	0.34395656	1.38170183
-1.47416735	0.34309214	1.38169646
-1.47553420	0.34371421	1.38169205
-1.47696304	0.34377229	1.38168824
-1.47790563	0.34442493	1.38168490
-1.47890627	0.34476173	1.38168180
-1.48049164	0.34497002	1.38167739
-1.48153341	0.34523377	1.38167441
-1.48411977	0.34492356	1.38166821
-1.48516130	0.34518713	1.38166511
-1.48660254	0.34530345	1.38166130
-1.48918033	0.34554225	1.38165426
-1.49097168	0.34527844	1.38165009
-1.49298108	0.34545597	1.38164473
-1.49400592	0.34676445	1.38164008
-1.49557889	0.34691447	1.38163579
-1.49744463	0.34614497	1.38163221
-1.49859357	0.34632561	1.38162899
-1.50080919	0.34603137	1.38162374
-1.50184631	0.34739804	1.38161910
-1.50313115	0.34736434	1.38161576
-1.50484824	0.34760618	1.38161099
-1.50665188	0.34740058	1.38160670
-1.50894976	0.34776187	1.38160026
-1.51092207	0.34776467	1.38159525
-1.51374316	0.34685099	1.38158941
-1.51531625	0.34700093	1.38158512
-1.51702094	0.34718460	1.38158047
-1.51853657	0.34679526	1.38157713
-1.52034819	0.34775138	1.38157105
-1.52197075	0.34727913	1.38156772
-1.52371252	0.34763756	1.38156271
-1.52528548	0.34778753	1.38155842
-1.52857566	0.34817934	1.38154936
-1.53132248	0.34777126	1.38154292
-1.53311360	0.34836265	1.38153744
-1.53529215	0.34789342	1.38153255
-1.53924966	0.34795755	1.38152242
-1.54198372	0.34834641	1.38151479
-1.54372537	0.34870476	1.38150978
-1.54728317	0.34891573	1.38150036
-1.54987311	0.34921277	1.38149321
-1.55123997	0.34983477	1.38148880
-1.55401158	0.34954321	1.38148212
-1.55632162	0.34996301	1.38147557
-1.55811310	0.34969926	1.38147140
-1.56037831	0.34878251	1.38146698
-1.56300116	0.34950235	1.38145912
-1.56536078	0.34929973	1.38145339
-1.56711531	0.34886116	1.38144958
-1.56870055	0.34906942	1.38144517
-1.57006788	0.34883624	1.38144207
-1.57169056	0.34836406	1.38143861
-1.57302046	0.34881136	1.38143456
-1.57396317	0.34946403	1.38143110
-1.57694030	0.34955582	1.38142335
-1.57832015	0.34938097	1.38142014
-1.58151579	0.34905881	1.38141239
-1.58308876	0.34920865	1.38140810
-1.58424973	0.34944758	1.38140476
-1.58624744	0.34871176	1.38140082
-1.58744550	0.34912542	1.38139713
-1.58910060	0.34993106	1.38139164
-1.59247732	0.34987557	1.38138306
-1.59383178	0.35043937	1.38137877
-1.59737730	0.35059232	1.38136947
-1.59911907	0.35095066	1.38136446
-1.60149121	0.35080627	1.38135850
-1.60483098	0.35057598	1.38135040
-1.60658526	0.35013744	1.38134646
-1.60991287	0.34984890	1.38133848
-1.61264729	0.34938246	1.38133216
-1.61722291	0.34803030	1.38132238
-1.61894011	0.34827209	1.38131762
-1.62300467	0.34825328	1.38130724
-1.63681030	0.34339002	1.38127923
-1.63817751	0.34315678	1.38127613
-1.64512217	0.33934265	1.38126409
-1.64840150	0.33625552	1.38126028
-1.65100205	0.33172777	1.38126051
-1.65253615	0.30935702	1.38129032
-1.65248728	0.30826882	1.38129210
-1.65135074	0.30814630	1.38129520
-1.65139818	0.30349618	1.38130212
-1.65060008	0.30208030	1.38130629
-1.64948559	0.29890162	1.38131404
-1.64826298	0.29751608	1.38131917
-1.64702928	0.29436219	1.38132715
-1.64550591	0.29358998	1.38133216
-1.64462137	0.29176626	1.38133729
-1.64373684	0.28994232	1.38134229
-1.64050889	0.28898665	1.38135195
-1.64018059	0.28631058	1.38135684
-1.63953900	0.28504476	1.38136041
-1.63800335	0.28421438	1.38136566
-1.63783121	0.28254357	1.38136852
-1.63704515	0.28118563	1.38137269
-1.63660955	0.27944779	1.38137639
-1.63481879	0.27800113	1.38138318
-1.63316011	0.27658835	1.38138950
-1.62944961	0.27683416	1.38139868
-1.62834656	0.27542409	1.38140368
-1.62649345	0.27539667	1.38140845
-1.62266028	0.27420503	1.38142002
-1.62182474	0.27346948	1.38142323
-1.61945319	0.27275863	1.38143039
-1.61599374	0.27301341	1.38143897
-1.61405838	0.27318534	1.38144362
-1.61337948	0.27174470	1.38144755
-1.61088896	0.27020341	1.38145626
-1.60719073	0.27050769	1.38146532
-1.60620689	0.26992819	1.38146865
-1.60481548	0.26918963	1.38147330
-1.60379004	0.26873609	1.38147664
-1.60116673	0.26887158	1.38148320
-1.59896815	0.26812118	1.38148999
-1.59583449	0.26787952	1.38149834
-1.59409285	0.26752108	1.38150334
-1.58798981	0.26754683	1.38151896
-1.58588529	0.26756343	1.38152432
-1.58488536	0.26706770	1.38152766
-1.58313096	0.26675710	1.38153255
-1.58185029	0.26654276	1.38153625
-1.58100653	0.26550081	1.38153994
-1.57958245	0.26503596	1.38154423
-1.57803369	0.26510820	1.38154817
-1.57697201	0.26362509	1.38155305
-1.57539868	0.26347506	1.38155735
-1.57458830	0.26200080	1.38156164
-1.57392979	0.26097742	1.38156486
-1.57095432	0.25821456	1.38157666
-1.56569195	0.25696456	1.38159204
-1.56208205	0.25420296	1.38160551
-1.56071496	0.25358096	1.38160992
-1.55777144	0.25220180	1.38161957
-1.55619884	0.25119662	1.38162506
-1.55283523	0.24959993	1.38163614
-1.55239940	0.24786195	1.38163984
-1.55060852	0.24727058	1.38164532
-1.54851699	0.24643731	1.38165200
-1.54612064	0.24560976	1.38165939
-1.54255891	0.24479151	1.38166976
-1.54100263	0.24439886	1.38167429
-1.53961837	0.24417830	1.38167822
-1.53850865	0.24139521	1.38168526
-1.53495121	0.24032894	1.38169599
-1.52798367	0.23980355	1.38171458
-1.52723122	0.23796034	1.38171935
-1.52582741	0.23716360	1.38172412
-1.52424204	0.23695537	1.38172853
-1.52323771	0.23601139	1.38173246
-1.52187073	0.23538938	1.38173699
-1.52086651	0.23444542	1.38174093
-1.51862216	0.23406896	1.38174725
-1.51736617	0.23402423	1.38175058
-1.51714849	0.23272771	1.38175309
-1.51555109	0.23160601	1.38175893
-1.51315904	0.23133296	1.38176537
-1.51223254	0.23049036	1.38176906
-1.51117015	0.22996825	1.38177252
-1.51000142	0.22926414	1.38177657
-1.50909543	0.22883922	1.38177955
-1.50810766	0.22690314	1.38178504
-1.50455022	0.22583696	1.38179576
-1.50302315	0.22520682	1.38180065
-1.50201845	0.22511801	1.38180339
-1.50129437	0.22405156	1.38180685
-1.50016999	0.22398746	1.38180983
-1.49928927	0.22277087	1.38181388
-1.49772465	0.22212490	1.38181889
-1.49633312	0.22138619	1.38182354
-1.49454200	0.22079480	1.38182902
-1.49316704	0.22061598	1.38183284
-1.49175894	0.21931779	1.38183844
-1.49101019	0.21813479	1.38184214
-1.48981202	0.21772110	1.38184583
-1.48637819	0.21713150	1.38185549
-1.48454571	0.21591696	1.38186204
-1.48384619	0.21496695	1.38186526
-1.48192334	0.21434203	1.38187110
-1.48147511	0.21340105	1.38187373
-1.47911143	0.21299639	1.38188040
-1.47695780	0.21272677	1.38188624
-1.47498953	0.21247599	1.38189173
-1.47377908	0.21200407	1.38189554
-1.47195160	0.21113217	1.38190150
-1.46804285	0.21071070	1.38191223
-1.46699286	0.21014088	1.38191569
-1.46565568	0.20917568	1.38192058
-1.46424294	0.20823124	1.38192570
-1.46259308	0.20776820	1.38193059
-1.46099854	0.20746526	1.38193512
-1.45998216	0.20715943	1.38193822
-1.45862317	0.20689657	1.38194203
-1.45789838	0.20593596	1.38194537
-1.45678723	0.20577130	1.38194847
-1.45579028	0.20529228	1.38195181
-1.45504153	0.20410934	1.38195550
-1.45338225	0.20355162	1.38196051
-1.45243943	0.20289874	1.38196397
-1.45097399	0.20181066	1.38196933
-1.44812107	0.20128772	1.38197744
-1.44712830	0.20056075	1.38198113
-1.44637942	0.19937778	1.38198483
-1.44490170	0.19823146	1.38199031
-1.44392204	0.19740397	1.38199413
-1.44218016	0.19704545	1.38199914
-1.44050860	0.19642943	1.38200426
-1.43942988	0.19599116	1.38200772
-1.43866444	0.19499788	1.38201118
-1.43547344	0.19421688	1.38202059
-1.43263650	0.19361001	1.38202870
-1.43037629	0.19256830	1.38203609
-1.42749405	0.19148016	1.38204515
-1.42308855	0.19047531	1.38205791
-1.42071676	0.18976447	1.38206506
-1.41896272	0.18934786	1.38207018
-1.41784716	0.18873477	1.38207400
-1.41543436	0.18809721	1.38208115
-1.41406751	0.18747517	1.38208556
-1.41313696	0.18688056	1.38208890
-1.41190195	0.18629214	1.38209295
-1.41011095	0.18570077	1.38209844
-1.40883887	0.18493760	1.38210285
-1.40748429	0.18437383	1.38210714
-1.40659952	0.18340522	1.38211083
-1.40480852	0.18281385	1.38211632
-1.39774668	0.18152145	1.38213646
-1.39438629	0.18063790	1.38214636
-1.39304018	0.17952520	1.38215148
-1.39185500	0.17831463	1.38215637
-1.39087534	0.17748719	1.38216007
-1.38962746	0.17689329	1.38216424
-1.38817525	0.17415318	1.38217211
-1.38755798	0.17300376	1.38217545
-1.38654137	0.17200157	1.38217950
-1.33711052	0.16408336	1.38231814
-1.33587551	0.16349491	1.38232219
-1.33447158	0.16269812	1.38232696
-1.33167624	0.16116285	1.38233650
-1.31484854	0.15549213	1.38238811
-1.31339526	0.15446231	1.38239348
-1.31060004	0.15292707	1.38240290
-1.28051591	0.14078826	1.38249838
-1.27376390	0.13672909	1.38252175
-1.27366161	0.12729922	1.38253629
-1.25798035	0.11022678	1.38260233
-1.23985004	0.09748980	1.38266802
-1.21431279	0.07427478	1.38276851
-1.21523249	0.07139030	1.38277054
-1.20992851	0.07106864	1.38278461
-1.20127988	0.07298881	1.38280380
-1.19345939	0.07443029	1.38282168
-1.18243337	0.06945288	1.38285744
-1.04504013	-0.01515648	1.38333738
-1.02890003	-0.04361293	1.38342178
-1.02931643	-0.04480498	1.38342249
-1.03192270	-0.05300158	1.38342822
-1.03333640	-0.05531923	1.38342810
-1.02454257	-0.06238541	1.38346124
-1.00979328	-0.07998307	1.38352561
-0.99958211	-0.09369549	1.38357258
-0.94029599	-0.11176765	1.38375175
-0.91886717	-0.10533298	1.38379693
-0.91305637	-0.10456936	1.38381064
-0.90758824	-0.10540009	1.38382590
-0.88451517	-0.10545130	1.38388515
-0.87610447	-0.30408189	1.38420677
-0.95815426	-0.33729109	1.38404667
-0.96009016	-0.33831823	1.38404334
-1.01809418	-0.31859115	1.38386488
-1.04380023	-0.30507624	1.38377857
-1.05371130	-0.31983218	1.38377547
-1.07786047	-0.31571031	1.38370740
-1.08984590	-0.31101906	1.38366950
-1.09402084	-0.30965865	1.38365674
-1.09912288	-0.30916619	1.38364303
-1.13102782	-0.30748969	1.38355863
-1.13689482	-0.30514875	1.38354015
-1.14823616	-0.29739487	1.38349938
-1.15476251	-0.30409759	1.38349271
-1.16410291	-0.30542707	1.38347077
-1.17045534	-0.30197018	1.38344932
-1.18737948	-0.30141312	1.38340509
-1.19630373	-0.29324633	1.38336992
-1.19956017	-0.29156697	1.38335896
-1.21463692	-0.30076191	1.38333428
-1.22149837	-0.30416489	1.38332188
-1.24042416	-0.29468316	1.38325906
-1.24699199	-0.29395777	1.38324106
-1.26007688	-0.28096232	1.38318789
-1.27016854	-0.28623974	1.38317001
-1.27849269	-0.28106973	1.38314092
-1.28400958	-0.27989995	1.38312495
-1.28689206	-0.27966723	1.38311720
-1.29934323	-0.26763159	1.38306713
-1.30109787	-0.26737383	1.38306224
-1.31254303	-0.25355762	1.38301206
-1.31830645	-0.24967122	1.38299143
-1.31948829	-0.24992302	1.38298881
-1.33465195	-0.22613829	1.38291395
-1.34381044	-0.21766707	1.38287771
-1.36137843	-0.21021152	1.38282144
-1.36221910	-0.21148723	1.38282120
-1.36356211	-0.21269208	1.38281953
-1.36446869	-0.21392447	1.38281918
-1.38632691	-0.20488510	1.38274944
-1.40168834	-0.19939455	1.38270175
-1.41177535	-0.19435680	1.38266838
-1.41409755	-0.19387910	1.38266170
-1.41586065	-0.19486630	1.38265860
-1.41924596	-0.19547093	1.38265085
-1.44260383	-0.17918232	1.38256645
-1.44381070	-0.18017280	1.38256478
-1.44650865	-0.18086684	1.38255894
-1.45459175	-0.17972836	1.38253653
-1.45693517	-0.18054342	1.38253176
-1.45965827	-0.18277827	1.38252819
-1.47132385	-0.18131220	1.38249600
-1.47378874	-0.18648103	1.38249755
-1.47528827	-0.18753567	1.38249528
-1.48513007	-0.18708375	1.38246942
-1.49043059	-0.21489951	1.38249779
-1.49079394	-0.21693176	1.38249993
-1.49341762	-0.21792236	1.38249469
-1.49411798	-0.21868277	1.38249409
-1.49525499	-0.21941552	1.38249230
-1.49893296	-0.22093943	1.38248515
-1.49930739	-0.26443279	1.38254988
-1.49533868	-0.26626524	1.38256288
-1.49092937	-0.26873264	1.38257790
-1.49002111	-0.27238330	1.38258576
-1.48049891	-0.27796698	1.38261855
-1.46806121	-0.28415337	1.38265979
-1.46733260	-0.28497186	1.38266289
-1.46763825	-0.28668824	1.38266468
-1.46670413	-0.28788981	1.38266885
-1.46583152	-0.28880021	1.38267255
-1.46623182	-0.29065773	1.38267434
-1.46370387	-0.29151863	1.38268209
-1.46200752	-0.29225138	1.38268757
-1.46031642	-0.29499516	1.38269603
-1.46030486	-0.29676378	1.38269866
-1.46016860	-0.30485329	1.38271129
-1.46070075	-0.30667719	1.38271260
-1.46284509	-0.31330732	1.38271713
-1.52072310	-0.47217646	1.38280892
-1.52237904	-0.47308108	1.38280594
-1.52351618	-0.47466895	1.38280547
-1.52448487	-0.47646523	1.38280571
-1.53443456	-0.47780675	1.38278222
-1.53736770	-0.47995928	1.38277793
-1.53744245	-0.48132035	1.38277984
-1.53799868	-0.48217252	1.38277972
-1.53921795	-0.48310471	1.38277805
-1.54058671	-0.48590338	1.38277876
-1.54183102	-0.48757422	1.38277805
-1.54251134	-0.48955423	1.38277924
-1.54580176	-0.49001759	1.38277161
-1.54650259	-0.49163315	1.38277221
-1.54936898	-0.49206582	1.38276553
-1.55111146	-0.49341783	1.38276315
-1.55346704	-0.49412158	1.38275814
-1.55507302	-0.49440405	1.38275445
-1.55687702	-0.49460962	1.38275015
-1.55740881	-0.49563134	1.38275027
-1.55931973	-0.49591973	1.38274586
-1.56125522	-0.49609169	1.38274109
-1.56453323	-0.49661341	1.38273358
-1.56523371	-0.49737367	1.38273287
-1.56702518	-0.49763754	1.38272870
-1.56876731	-0.49813443	1.38272500
-1.57101607	-0.49886101	1.38272035
-1.57256508	-0.49968275	1.38271761
-1.57307160	-0.50071526	1.38271785
-1.57433200	-0.50091845	1.38271487
-1.57874680	-0.50131750	1.38270426
-1.57958317	-0.50229216	1.38270354
-1.58204997	-0.50257778	1.38269770
-1.58363557	-0.50322473	1.38269460
-1.58528328	-0.50443548	1.38269222
-1.58660150	-0.50490165	1.38268948
-1.58836794	-0.50528204	1.38268554
-1.58985484	-0.50553977	1.38268209
-1.59154773	-0.50626969	1.38267887
-1.59448826	-0.50720787	1.38267279
-1.59726036	-0.50835460	1.38266742
-1.59902740	-0.50959003	1.38266480
-1.60008180	-0.51012349	1.38266289
-1.60217428	-0.51100039	1.38265884
-1.60366094	-0.51125830	1.38265538
-1.60483479	-0.51181632	1.38265324
-1.60632157	-0.51207411	1.38264978
-1.60750806	-0.51342905	1.38264883
-1.60899496	-0.51368690	1.38264537
-1.61054349	-0.51450855	1.38264263
-1.61197281	-0.51530564	1.38264024
-1.61300254	-0.51595557	1.38263857
-1.61412716	-0.51674640	1.38263690
-1.61562610	-0.51694608	1.38263333
-1.61638856	-0.51827025	1.38263333
-1.61696565	-0.51956022	1.38263381
-1.61809433	-0.51979709	1.38263130
-1.61958981	-0.52140594	1.38262987
-1.62072659	-0.52213877	1.38262808
-1.62210250	-0.52292085	1.38262570
-1.62307072	-0.52386189	1.38262475
-1.62403440	-0.52455515	1.38262331
-1.62629950	-0.52461660	1.38261759
-1.62764215	-0.52496624	1.38261461
-1.62889063	-0.52688503	1.38261437
-1.63037741	-0.52714288	1.38261092
-1.63161325	-0.52826476	1.38260949
-1.63323176	-0.52848893	1.38260567
-1.63397384	-0.53017771	1.38260627
-1.63599181	-0.53054917	1.38260174
-1.63727283	-0.53119004	1.38259935
-1.63849604	-0.53151512	1.38259673
-1.63946414	-0.53245616	1.38259566
-1.64058852	-0.53324711	1.38259399
-1.64188254	-0.53468513	1.38259280
-1.64300704	-0.53547609	1.38259113
-1.64449382	-0.53573388	1.38258779
-1.64519835	-0.53674221	1.38258743
-1.64611721	-0.53791642	1.38258684
-1.64697409	-0.53852671	1.38258564
-1.64868331	-0.53944618	1.38258255
-1.65054512	-0.53996766	1.38257861
-1.65326762	-0.54134738	1.38257372
-1.65330517	-0.54288316	1.38257599
-1.65439272	-0.54299361	1.38257337
-1.65626657	-0.54345679	1.38256919
-1.65736699	-0.54607487	1.38257039
-1.65983510	-0.54892594	1.38256836
-1.66098475	-0.55045563	1.38256776
-1.66390049	-0.55065536	1.38256049
-1.66411924	-0.55192417	1.38256192
-1.66639304	-0.55338979	1.38255835
-1.66771150	-0.55471116	1.38255692
-1.66790557	-0.55609649	1.38255847
-1.66958666	-0.55773985	1.38255668
-1.67006195	-0.56181335	1.38256156
-1.67111206	-0.56209868	1.38255930
-1.67170584	-0.56363136	1.38256013
-1.67185116	-0.56610519	1.38256347
-1.67444968	-0.56635690	1.38255727
-1.67539334	-0.56741476	1.38255644
-1.67632604	-0.57195139	1.38256085
-1.67937374	-0.57297254	1.38255465
-1.67956805	-0.57435805	1.38255620
-1.68064404	-0.57709253	1.38255763
-1.68116391	-0.57897460	1.38255906
-1.68137097	-0.58201241	1.38256311
-1.68168461	-0.58342254	1.38256443
-1.68259120	-0.58465493	1.38256407
-1.68346155	-0.58777237	1.38256645
-1.68398166	-0.59050971	1.38256931
-1.68456078	-0.60443246	1.38258886
-1.68331444	-0.60764468	1.38259685
-1.68101454	-0.61203384	1.38260937
-1.67749262	-0.61866367	1.38262844
-1.67606449	-0.62043220	1.38263476
-1.67023182	-0.62577122	1.38265777
-1.66721857	-0.62774795	1.38266850
-1.66421735	-0.62966657	1.38267910
-1.65902615	-0.63288426	1.38269722
-1.64968419	-0.63649106	1.38272667
-1.64592087	-0.63794041	1.38273847
-1.63864899	-0.63851285	1.38275802
-1.63713717	-0.63751638	1.38276041
-1.63453484	-0.63787174	1.38276756
-1.63089371	-0.63617289	1.38277435
-1.61845374	-0.63728112	1.38280785
-1.61734164	-0.63643193	1.38280940
-1.61415863	-0.63690650	1.38281834
-1.61261034	-0.63694000	1.38282239
-1.61049342	-0.63617957	1.38282657
-1.60963595	-0.63471413	1.38282657
-1.50520825	-0.65119541	1.38311911
-1.49636281	-0.65106255	1.38314152
-1.49439037	-0.65106547	1.38314664
-1.48647821	-0.64802051	1.38316226
-1.48312569	-0.64699316	1.38316929
-1.48286128	-0.64535010	1.38316751
-1.47653174	-0.64441442	1.38318229
-1.47172916	-0.64209950	1.38319111
-1.47071218	-0.64224654	1.38319397
-1.46752393	-0.64070988	1.38319981
-1.46572757	-0.63848782	1.38320112
-1.46191001	-0.63815892	1.38321030
-1.46142769	-0.63695717	1.38320982
-1.45916271	-0.63689566	1.38321543
-1.45682764	-0.63657653	1.38322103
-1.45575714	-0.63670868	1.38322389
-1.45067525	-0.63598144	1.38323581
-1.44765663	-0.63594711	1.38324356
-1.44441545	-0.63525069	1.38325083
-1.43799567	-0.63532996	1.38326740
-1.43437195	-0.63553143	1.38327694
-1.43299222	-0.63535649	1.38328028
-1.42893219	-0.63563842	1.38329101
-1.42849910	-0.63420355	1.38329005
-1.42482150	-0.63353509	1.38329840
-1.42249715	-0.62973684	1.38329864
-1.41980004	-0.62995088	1.38330591
-1.41866326	-0.62921810	1.38330770
-1.41678536	-0.62936234	1.38331270
-1.41358972	-0.62904012	1.38332045
-1.41028655	-0.62777984	1.38332701
-1.40678954	-0.62598932	1.38333321
-1.40563595	-0.62501383	1.38333476
-1.40459013	-0.62502939	1.38333738
-1.39907169	-0.62432986	1.38335049
-1.39761817	-0.62450451	1.38335443
-1.39244187	-0.62449133	1.38336778
-1.38995039	-0.62432230	1.38337386
-1.38720345	-0.62391448	1.38338029
-1.38478589	-0.62339592	1.38338566
-1.38174081	-0.61920202	1.38338721
-1.38094926	-0.61689091	1.38338566
-1.37758040	-0.60811937	1.38338101
-1.37545156	-0.60827231	1.38338673
-1.36949503	-0.60573125	1.38339818
-1.36787248	-0.60525912	1.38340163
-1.36683881	-0.60441422	1.38340294
-1.36442935	-0.60433865	1.38340902
-1.36155117	-0.60407019	1.38341606
-1.36047578	-0.60304618	1.38341725
-1.35923219	-0.59472901	1.38340783
-1.35579717	-0.59350228	1.38341475
-1.35427272	-0.59170890	1.38341606
-1.34076953	-0.57416582	1.38342404
-1.33786511	-0.57134247	1.38342726
-1.33732414	-0.56811440	1.38342381
-1.33122432	-0.56582391	1.38343596
-1.32757056	-0.53745574	1.38340247
-1.32689810	-0.53511637	1.38340068
-1.32586408	-0.53421861	1.38340199
-1.32395327	-0.53393018	1.38340640
-1.32291913	-0.53297931	1.38340759
-1.32173300	-0.53247952	1.38340986
-1.32106960	-0.53154433	1.38341022
-1.32052946	-0.53007972	1.38340938
-1.31889045	-0.53021991	1.38341379
-1.31636190	-0.53022569	1.38342023
-1.31513858	-0.52904558	1.38342166
-1.31286871	-0.52702588	1.38342440
-1.31032801	-0.52708983	1.38343096
-1.30816531	-0.52595508	1.38343477
-1.30678463	-0.52321476	1.38343418
-1.30516577	-0.52213532	1.38343668
-1.30400419	-0.52151918	1.38343883
-1.30378938	-0.52049816	1.38343775
-1.29838288	-0.52098465	1.38345242
-1.29778910	-0.51945198	1.38345158
-1.29397845	-0.51625121	1.38345647
-1.29356623	-0.51530731	1.38345611
-1.29298246	-0.51389158	1.38345551
-1.29192805	-0.51335824	1.38345742
-1.29090261	-0.51295644	1.38345945
-1.28947353	-0.51301444	1.38346314
-1.27940154	-0.51401901	1.38349044
-1.27882361	-0.51096588	1.38348734
-1.27576005	-0.51146519	1.38349593
-1.27446628	-0.51002735	1.38349712
-1.27226305	-0.50967467	1.38350224
-1.26538551	-0.50918508	1.38351905
-1.26377511	-0.50865471	1.38352239
-1.26208234	-0.50792480	1.38352561
-1.26143122	-0.50693142	1.38352585
-1.25918341	-0.50716555	1.38353193
-1.25567484	-0.50714350	1.38354087
-1.25335217	-0.50676602	1.38354623
-1.25058031	-0.50561941	1.38355160
-1.24945116	-0.50452769	1.38355291
-1.24763501	-0.50438035	1.38355732
-1.24457967	-0.50457358	1.38356543
-1.24159014	-0.50472331	1.38357329
-1.24041235	-0.50471956	1.38357639
-1.23862529	-0.50475669	1.38358104
-1.23740637	-0.50467968	1.38358402
-1.23354733	-0.50422472	1.38359320
-1.23025727	-0.50461650	1.38360226
-1.22956502	-0.50354993	1.38360238
-1.22771621	-0.50382543	1.38360751
-1.22448802	-0.50397897	1.38361609
-1.21997464	-0.50404567	1.38362765
-1.21893597	-0.50279391	1.38362849
-1.21853626	-0.50184458	1.38362801
-1.21639502	-0.50200272	1.38363385
-1.21467769	-0.50144243	1.38363731
-1.20308208	-0.50316614	1.38366961
-1.20148408	-0.50257742	1.38367283
-1.19976664	-0.50196409	1.38367629
-1.19855571	-0.50158077	1.38367891
-1.19755077	-0.50081456	1.38368034
-1.19423604	-0.50132281	1.38368952
-1.15370703	-0.50931919	1.38380551
-1.15333164	-0.50820041	1.38380480
-1.05851996	-0.52738422	1.38407671
-1.05766225	-0.52506363	1.38407540
-1.02778101	-0.52317262	1.38414907
-1.02526367	-0.52055466	1.38415158
-1.02458715	-0.51796740	1.38414943
-1.02185309	-0.51835632	1.38415706
-1.02048862	-0.51580566	1.38415670
-1.01586461	-0.51639676	1.38416946
-0.99536031	-0.51560754	1.38422072
-0.99485338	-0.51452231	1.38422036
-0.98180193	-0.51128936	1.38424897
-0.98039824	-0.50908893	1.38424921
-0.97877598	-0.50947201	1.38425398
-0.97727686	-0.50927246	1.38425756
-0.97380579	-0.50993091	1.38426745
-0.97218353	-0.51031381	1.38427210
-0.96757168	-0.51084667	1.38428473
-0.96544266	-0.51099986	1.38429046
-0.96166682	-0.51165223	1.38430107
-0.95797682	-0.51104176	1.38430965
-0.95516884	-0.51178014	1.38431799
-0.95397443	-0.51158655	1.38432074
-0.94391555	-0.51424325	1.38435054
-0.94096291	-0.51421833	1.38435805
-0.93802309	-0.51499033	1.38436675
-0.91942829	-0.51947856	1.38442123
-0.91579664	-0.52003914	1.38443136
-0.91392273	-0.51957589	1.38443542
-0.91229999	-0.51910371	1.38443887
-0.91012561	-0.51888251	1.38444412
-0.90797162	-0.51829672	1.38444877
-0.90473521	-0.51875651	1.38445771
-0.90412527	-0.51783627	1.38445795
-0.90251112	-0.51791310	1.38446212
-0.90088886	-0.51829606	1.38446689
-0.89748782	-0.51921237	1.38447702
-0.88774598	-0.52181655	1.38450587
-0.88600433	-0.52217495	1.38451087
-0.88328230	-0.52250576	1.38451838
-0.88224065	-0.52276927	1.38452148
-0.88092268	-0.52230310	1.38452411
-0.87943596	-0.52204531	1.38452756
-0.87810564	-0.52163750	1.38453031
-0.87584078	-0.52157593	1.38453603
-0.87505782	-0.52061623	1.38453662
-0.87325031	-0.52101779	1.38454187
-0.87226170	-0.52044117	1.38454354
-0.87089062	-0.52081525	1.38454759
-0.86856836	-0.52129298	1.38455427
-0.86225206	-0.52286482	1.38457286
-0.85904449	-0.52345604	1.38458192
-0.85709673	-0.52334231	1.38458669
-0.85499197	-0.52252352	1.38459086
-0.85371143	-0.52273786	1.38459456
-0.85112143	-0.52303487	1.38460159
-0.82843459	-0.52993798	1.38467014
-0.82700908	-0.52853382	1.38467169
-0.82616419	-0.52701008	1.38467157
-0.82407653	-0.52728921	1.38467729
-0.82303488	-0.52755284	1.38468039
-0.82163060	-0.52749443	1.38468385
-0.82083499	-0.52573764	1.38468325
-0.81841338	-0.52497125	1.38468838
-0.81642812	-0.52417707	1.38469219
-0.81427419	-0.52359134	1.38469684
-0.81222248	-0.52193236	1.38469958
-0.81117231	-0.52164698	1.38470185
-0.80976808	-0.52158856	1.38470542
-0.80866015	-0.52104032	1.38470745
-0.80777013	-0.51999760	1.38470805
-0.80633307	-0.52036196	1.38471234
-0.80437291	-0.52030653	1.38471723
-0.80288613	-0.52004874	1.38472068
-0.80105782	-0.51995969	1.38472521
-0.79997873	-0.51954281	1.38472736
-0.79775935	-0.51985556	1.38473356
-0.79591042	-0.52013117	1.38473868
-0.79488105	-0.52033645	1.38474166
-0.79197401	-0.52068573	1.38474965
-0.79081661	-0.52031744	1.38475204
-0.78967589	-0.52019185	1.38475478
-0.78642237	-0.51955378	1.38476217
-0.78181058	-0.52008659	1.38477480
-0.78031158	-0.51988709	1.38477826
-0.77670449	-0.52033114	1.38478816
-0.77564156	-0.51924884	1.38478935
-0.77463681	-0.51933759	1.38479197
-0.77298975	-0.51983732	1.38479698
-0.77163482	-0.51954591	1.38479996
-0.76990539	-0.51984602	1.38480484
-0.76734006	-0.52002650	1.38481176
-0.76479888	-0.51923537	1.38481700
-0.76427948	-0.51820838	1.38481688
-0.76230699	-0.51821119	1.38482189
-0.76021504	-0.51818937	1.38482726
-0.75863355	-0.51779038	1.38483071
-0.75195956	-0.52019638	1.38485146
-0.75031638	-0.52008867	1.38485551
-0.74863249	-0.52076298	1.38486075
-0.74582440	-0.52150130	1.38486910
-0.74432534	-0.52130181	1.38487267
-0.73991966	-0.52230668	1.38488543
-0.73621762	-0.52260983	1.38489544
-0.73443896	-0.52314293	1.38490081
-0.73267597	-0.52215534	1.38490379
-0.72719204	-0.52445370	1.38492131
-0.72491521	-0.52530575	1.38492846
-0.72368389	-0.52528697	1.38493156
-0.71956664	-0.52696353	1.38494468
-0.71228319	-0.52930427	1.38496685
-0.71049213	-0.52989560	1.38497233
-0.70707875	-0.53087020	1.38498259
-0.70411426	-0.53175873	1.38499153
-0.70149142	-0.53247845	1.38499928
-0.69526601	-0.53474563	1.38501871
-0.69156456	-0.53590369	1.38502991
-0.68983471	-0.53534859	1.38503349
-0.68671393	-0.53644019	1.38504314
-0.68276966	-0.53815639	1.38505590
-0.68083417	-0.53798443	1.38506055
-0.67938483	-0.53840703	1.38506496
-0.67677009	-0.53882051	1.38507223
-0.66404366	-0.54353315	1.38511193
-0.65769058	-0.54527944	1.38513088
-0.65032923	-0.54857725	1.38515472
-0.64848882	-0.54940158	1.38516068
-0.64726609	-0.54993176	1.38516462
-0.64249814	-0.55147004	1.38517916
-0.64122903	-0.54991573	1.38518012
-0.63784039	-0.55077356	1.38519001
-0.63527548	-0.55180925	1.38519824
-0.63345975	-0.55251712	1.38520396
-0.63192374	-0.55249238	1.38520777
-0.63028914	-0.55293357	1.38521266
-0.62874085	-0.55296707	1.38521671
-0.62742287	-0.55250090	1.38521934
-0.62572974	-0.55171829	1.38522255
-0.62465906	-0.55179739	1.38522542
-0.60139406	-0.56320190	1.38530219
-0.59957832	-0.56390971	1.38530791
-0.59771681	-0.56338823	1.38531196
-0.57912821	-0.57240021	1.38537312
-0.57599497	-0.57349718	1.38538289
-0.57264370	-0.57503533	1.38539374
-0.56640923	-0.57814646	1.38541448
-0.55253977	-0.58520967	1.38546062
-0.55151027	-0.58541518	1.38546360
-0.54837275	-0.58546168	1.38547170
-0.54519266	-0.58436823	1.38547826
-0.54397804	-0.58459222	1.38548172
-0.39211300	-0.66732520	1.38599586
-0.39094001	-0.66847754	1.38600051
-0.38184839	-0.67036498	1.38602674
-0.38044453	-0.67116171	1.38603151
-0.37026945	-0.67152905	1.38605809
-0.35361210	-0.67130589	1.38610053
-0.32964203	-0.67243695	1.38616359
-0.15833116	-0.69200993	1.38663220
-0.15416813	-0.69245690	1.38664353
-0.14720088	-0.69308829	1.38666236
-0.14602739	-0.69338548	1.38666582
-0.14543486	-0.69441831	1.38666892
-0.14443940	-0.69521481	1.38667262
-0.14226115	-0.69560075	1.38667881
-0.14137632	-0.69656938	1.38668251
-0.14106739	-0.69781393	1.38668513
-0.13839108	-0.69851875	1.38669312
-0.13627064	-0.69922078	1.38669956
-0.13547623	-0.70002961	1.38670290
-0.13403541	-0.70100111	1.38670802
-0.13309711	-0.70195478	1.38671184
-0.13084894	-0.70288515	1.38671899
-0.12951487	-0.70308453	1.38672280
-0.12918997	-0.70429838	1.38672543
-0.12744445	-0.70526391	1.38673139
-0.12613922	-0.70559466	1.38673520
-0.12389517	-0.70602393	1.38674164
-0.12321204	-0.70716357	1.38674510
-0.12135947	-0.70804620	1.38675117
-0.11933380	-0.70888919	1.38675761
-0.11828399	-0.70945919	1.38676119
-0.11782324	-0.71045846	1.38676381
-0.11638236	-0.71143001	1.38676906
-0.11482209	-0.71237683	1.38677442
-0.11482573	-0.71702325	1.38678145
-0.11105031	-0.71853077	1.38679338
-0.10826707	-0.72000813	1.38680279
-0.09996611	-0.72164077	1.38682652
-0.09861565	-0.72245276	1.38683116
-0.09763151	-0.72372860	1.38683569
-0.09582818	-0.72437823	1.38684130
-0.09485734	-0.72505820	1.38684475
-0.09437156	-0.72606802	1.38684750
-0.09345430	-0.72756529	1.38685215
-0.09260643	-0.72916150	1.38685679
-0.08997113	-0.72988653	1.38686454
-0.09019917	-0.73261261	1.38686812
-0.08880419	-0.73481345	1.38687503
-0.08743781	-0.73629063	1.38688076
-0.08395433	-0.74616659	1.38690460
-0.07317126	-0.74988955	1.38693786
-0.06527340	-0.75106239	1.38695991
-0.06393564	-0.75186884	1.38696456
-0.06305009	-0.75267875	1.38696802
-0.06379086	-0.75940943	1.38697624
-0.06229210	-0.76006508	1.38698113
-0.06176651	-0.76206857	1.38698542
-0.06290311	-0.77110535	1.38699627
-0.05996329	-0.77187723	1.38700497
-0.05894619	-0.77202433	1.38700771
-0.05739826	-0.77291298	1.38701308
-0.05623746	-0.77400720	1.38701773
-0.05441028	-0.77648365	1.38702607
-0.05353814	-0.77824920	1.38703096
-0.05101007	-0.77911007	1.38703883
-0.04871315	-0.78118193	1.38704777
-0.04814529	-0.78209829	1.38705063
-0.04622668	-0.78297126	1.38705683
-0.04508644	-0.78370082	1.38706088
-0.04364532	-0.78461951	1.38706601
-0.04300004	-0.78654546	1.38707054
-0.04160005	-0.78753740	1.38707566
-0.04044765	-0.78837824	1.38707983
-0.03958750	-0.78923035	1.38708329
-0.03656137	-0.79041010	1.38709283
-0.03655881	-0.79358280	1.38709772
-0.03493690	-0.79482090	1.38710368
-0.03375137	-0.79603171	1.38710856
-0.03233558	-0.79774195	1.38711476
-0.02760404	-0.79894650	1.38712871
-0.02601540	-0.79986799	1.38713419
-0.02495348	-0.80054879	1.38713789
-0.02495801	-0.80165207	1.38713956
-0.02320391	-0.80206871	1.38714468
-0.02341938	-0.80479997	1.38714826
-0.02317715	-0.80621302	1.38715100
-0.02336800	-0.80906093	1.38715482
-0.01634765	-0.81128168	1.38717628
-0.01509237	-0.81228757	1.38718092
-0.01372546	-0.81290954	1.38718545
-0.01184815	-0.81390870	1.38719177
-0.01194417	-0.81661534	1.38719559
-0.01097667	-0.81738478	1.38719916
-0.00774485	-0.81894767	1.38720989
-0.00613898	-0.81952059	1.38721478
-0.00495321	-0.81987607	1.38721836
-0.00373518	-0.82150906	1.38722396
-0.00149125	-0.82274079	1.38723159
-0.00135201	-0.82398856	1.38723385
0.00078487	-0.82530326	1.38724124
0.00241834	-0.82750762	1.38724887
0.00466555	-0.83020139	1.38725865
0.00531971	-0.83152574	1.38726234
0.00810325	-0.83214772	1.38727045
0.00931770	-0.83237129	1.38727379
0.00920576	-0.83441293	1.38727665
0.00927937	-0.83561778	1.38727868
0.01023424	-0.83632839	1.38728213
0.01236296	-0.83733666	1.38728917
0.01468801	-0.84013176	1.38729930
0.01636744	-0.84190941	1.38730633
0.01694775	-0.84288424	1.38730931
0.01896918	-0.84397525	1.38731611
0.01994872	-0.84480250	1.38731992
0.02297521	-0.84592962	1.38732934
0.02437896	-0.84672624	1.38733411
0.02707994	-0.84754777	1.38734233
0.02743697	-0.85009229	1.38734710
0.02840424	-0.85086119	1.38735068
0.03017861	-0.85249794	1.38735771
0.03123206	-0.85367465	1.38736224
0.03316718	-0.85435784	1.38736820
0.03413457	-0.85512733	1.38737178
0.03741622	-0.85606807	1.38738167
0.03762162	-0.85725343	1.38738394
0.03924358	-0.85849154	1.38739002
0.03958464	-0.85956848	1.38739252
0.03971571	-0.86131251	1.38739550
0.04424095	-0.86298895	1.38740957
0.04545933	-0.86382014	1.38741398
0.04650128	-0.86408389	1.38741708
0.04777765	-0.86454618	1.38742101
0.04921031	-0.86521149	1.38742566
0.05077928	-0.86560965	1.38743031
0.05165976	-0.86682594	1.38743436
0.05283284	-0.86797833	1.38743913
0.05364382	-0.86859739	1.38744211
0.05579704	-0.86972225	1.38744938
0.05711460	-0.87011099	1.38745332
0.06197733	-0.87150812	1.38746786
0.06337607	-0.87431645	1.38747573
0.06414968	-0.87561595	1.38747966
0.06698233	-0.87647080	1.38748825
0.06888413	-0.87758625	1.38749480
0.06954241	-0.87946486	1.38749933
0.07020897	-0.88084745	1.38750315
0.07601470	-0.88204187	1.38751984
0.07706839	-0.88321912	1.38752425
0.07789123	-0.88475156	1.38752866
0.07786947	-0.88695240	1.38753200
0.08071756	-0.89018333	1.38754416
0.09812170	-0.89466959	1.38759553
0.09793842	-0.89953423	1.38760245
0.12249017	-0.90662909	1.38767600
0.16745049	-0.91478598	1.38780355
0.17109448	-0.91540480	1.38781381
0.17487019	-0.91605699	1.38782454
0.17548746	-0.91720659	1.38782787
0.17718375	-0.91793913	1.38783324
0.17805105	-0.92086071	1.38783991
0.18489951	-0.92060870	1.38785708
0.19281346	-0.91328776	1.38786626
0.19505072	-0.91079229	1.38786829
0.18130487	-0.91106379	1.38783348
0.18031317	-0.90932280	1.38782823
0.17715484	-0.90896451	1.38781965
0.17509031	-0.88634992	1.38778019
0.17361385	-0.88263834	1.38777077
0.17308021	-0.87872362	1.38776350
0.16947460	-0.84903920	1.38770938
0.16880804	-0.84765661	1.38770568
0.16567487	-0.84655976	1.38769591
0.14964384	-0.84497672	1.38765252
0.14829797	-0.84386408	1.38764739
0.14809287	-0.84177035	1.38764369
0.14696866	-0.84170622	1.38764071
0.14640087	-0.84079009	1.38763785
0.14471799	-0.83754992	1.38762867
0.14388239	-0.83681434	1.38762534
0.14303565	-0.83345497	1.38761818
0.14178902	-0.83109796	1.38761139
0.14072305	-0.82986248	1.38760674
0.13979048	-0.82524019	1.38759744
0.13833708	-0.82506579	1.38759339
0.13755155	-0.82285297	1.38758802
0.13710368	-0.82020116	1.38758290
0.13691092	-0.81902134	1.38758063
0.13631827	-0.81798822	1.38757753
0.13540912	-0.81604797	1.38757229
0.13409168	-0.81565917	1.38756835
0.13342232	-0.81195933	1.38756108
0.13229579	-0.80786705	1.38755202
0.13040996	-0.80741686	1.38754642
0.12982643	-0.80497986	1.38754129
0.12791294	-0.80209541	1.38753200
0.12673980	-0.80094308	1.38752723
0.12622982	-0.79971087	1.38752413
0.12450063	-0.79855543	1.38751793
0.12414712	-0.79747343	1.38751543
0.12292010	-0.79719090	1.38751185
0.12243474	-0.79607522	1.38750887
0.12141383	-0.79537416	1.38750517
0.12030298	-0.79280245	1.38749850
0.12006080	-0.79138958	1.38749576
0.11882657	-0.78909087	1.38748908
0.11684251	-0.78731942	1.38748133
0.11571485	-0.78579271	1.38747609
0.11535299	-0.78440422	1.38747311
0.11421663	-0.78428185	1.38747001
0.11061835	-0.78243351	1.38745797
0.10921031	-0.78188473	1.38745356
0.10830468	-0.78140706	1.38745046
0.10763854	-0.77916932	1.38744545
0.10643679	-0.77809542	1.38744068
0.10581976	-0.77694625	1.38743734
0.10537142	-0.77600527	1.38743484
0.10430467	-0.77573097	1.38743174
0.10358918	-0.77326024	1.38742614
0.10309142	-0.77208608	1.38742304
0.10167909	-0.77183831	1.38741910
0.10107410	-0.77074695	1.38741589
0.10003299	-0.76962841	1.38741148
0.09929675	-0.76839775	1.38740778
0.09807402	-0.76711845	1.38740265
0.09702063	-0.76583517	1.38739812
0.09574896	-0.76346773	1.38739121
0.09520668	-0.76170695	1.38738716
0.09392196	-0.76174062	1.38738394
0.09271145	-0.76126873	1.38738012
0.09183145	-0.75834155	1.38737345
0.09039015	-0.75747585	1.38736844
0.08868170	-0.75743443	1.38736403
0.08830768	-0.75598776	1.38736081
0.08618712	-0.75528568	1.38735437
0.08589941	-0.75424683	1.38735211
0.08483279	-0.75391978	1.38734889
0.08417088	-0.75223637	1.38734460
0.08330625	-0.75168538	1.38734150
0.08280438	-0.75075918	1.38733888
0.08177549	-0.74969882	1.38733459
0.08147514	-0.74860150	1.38733220
0.08007538	-0.74835908	1.38732827
0.07991922	-0.74735355	1.38732636
0.07914150	-0.74630213	1.38732278
0.07902658	-0.74522364	1.38732088
0.07874739	-0.74363577	1.38731766
0.07781696	-0.74304128	1.38731444
0.07736850	-0.74210036	1.38731182
0.07643437	-0.74089873	1.38730764
0.07566071	-0.73959899	1.38730371
0.07479244	-0.73844075	1.38729978
0.07358271	-0.73625839	1.38729334
0.07247484	-0.73605740	1.38729024
0.07170933	-0.73506415	1.38728666
0.07089883	-0.73358989	1.38728237
0.06971335	-0.73237932	1.38727760
0.06843710	-0.73186404	1.38727355
0.06783718	-0.73036611	1.38726974
0.06677032	-0.73009193	1.38726652
0.06570494	-0.72875094	1.38726175
0.06470418	-0.72841394	1.38725877
0.06437534	-0.72744828	1.38725638
0.06394774	-0.72601664	1.38725317
0.06314957	-0.72460061	1.38724899
0.06238842	-0.72330642	1.38724506
0.06155324	-0.72171563	1.38724053
0.06037152	-0.72116518	1.38723671
0.05966413	-0.71980309	1.38723278
0.05862659	-0.71929157	1.38722932
0.05788577	-0.71841478	1.38722610
0.05707872	-0.71760052	1.38722289
0.05648625	-0.71656764	1.38721979
0.05581981	-0.71518523	1.38721597
0.05467105	-0.71500462	1.38721275
0.05429697	-0.71355796	1.38720965
0.05366743	-0.71235013	1.38720620
0.05237448	-0.71207762	1.38720250
0.05190992	-0.71047115	1.38719881
0.05117345	-0.70934653	1.38719523
0.05018950	-0.70876706	1.38719189
0.05010408	-0.70664889	1.38718843
0.04921961	-0.70482504	1.38718343
0.04816592	-0.70364821	1.38717890
0.04786563	-0.70255077	1.38717651
0.04688185	-0.70197129	1.38717306
0.04672581	-0.70096612	1.38717115
0.04576278	-0.69989586	1.38716710
0.04519498	-0.69897950	1.38716424
0.04463559	-0.69751418	1.38716066
0.04347527	-0.69556499	1.38715470
0.04204267	-0.69489968	1.38715005
0.04127693	-0.69395924	1.38714659
0.04025167	-0.69350588	1.38714337
0.03940862	-0.69155598	1.38713825
0.03804588	-0.69068593	1.38713336
0.03781223	-0.68872392	1.38712990
0.03705072	-0.68753552	1.38712609
0.03625250	-0.68611956	1.38712192
0.03504616	-0.68539965	1.38711774
0.03359288	-0.68517202	1.38711369
0.03360158	-0.68382096	1.38711166
0.03274119	-0.68302178	1.38710821
0.03257310	-0.68190527	1.38710606
0.03216594	-0.68083811	1.38710344
0.03187853	-0.67894411	1.38709986
0.03123260	-0.67792612	1.38709664
0.03026503	-0.67715669	1.38709307
0.02963609	-0.67584324	1.38708949
0.02920377	-0.67481840	1.38708675
0.02855402	-0.67319328	1.38708270
0.02758700	-0.67156887	1.38707769
0.02661973	-0.67079973	1.38707411
0.02653390	-0.66953671	1.38707197
0.02582169	-0.66852832	1.38706863
0.02503997	-0.66772503	1.38706541
0.02448052	-0.66625953	1.38706172
0.02350879	-0.66579127	1.38705850
0.02232325	-0.66538286	1.38705492
0.02174300	-0.66440821	1.38705194
0.02122909	-0.66262174	1.38704789
0.02031153	-0.66117740	1.38704336
0.02006930	-0.65976429	1.38704062
0.01920944	-0.65805709	1.38703585
0.01864159	-0.65714073	1.38703299
0.01771116	-0.65654612	1.38702977
0.01790202	-0.65369833	1.38702595
0.01749098	-0.65207696	1.38702238
0.01655710	-0.65002006	1.38701689
0.01488596	-0.64854896	1.38701046
0.01335436	-0.64827275	1.38700604
0.01262558	-0.64750695	1.38700306
0.01170820	-0.64681208	1.38699961
0.01114058	-0.64429110	1.38699436
0.00934964	-0.64369977	1.38698888
0.00918990	-0.64208734	1.38698602
0.00833017	-0.64112949	1.38698244
0.00784874	-0.63976550	1.38697910
0.00753266	-0.63800299	1.38697565
0.00661117	-0.63600439	1.38697028
0.00580019	-0.63538527	1.38696718
0.00490695	-0.63416326	1.38696313
0.00459063	-0.63240069	1.38695967
0.00456405	-0.62820333	1.38695323
0.00435942	-0.62525475	1.38694823
0.00310051	-0.62283939	1.38694131
0.04696465	-0.45536947	1.38680077
0.05205482	-0.41156009	1.38674760
0.05332476	-0.40829539	1.38674593
0.05378371	-0.40441167	1.38674128
0.05444866	-0.40005568	1.38673639
0.05525297	-0.39694780	1.38673377
0.05589265	-0.39418590	1.38673115
0.05647403	-0.39259493	1.38673031
0.05820137	-0.38806483	1.38672781
0.05840391	-0.38693258	1.38672662
0.05903870	-0.38532671	1.38672590
0.05953002	-0.38272089	1.38672316
0.05986917	-0.37971696	1.38671958
0.06289172	-0.36202443	1.38670051
0.06039751	-0.35066381	1.38667703
0.05988753	-0.34943154	1.38667381
0.05968255	-0.34733808	1.38667011
0.05950183	-0.34621623	1.38666797
0.05882311	-0.34477565	1.38666403
0.05785573	-0.34400627	1.38666046
0.05780679	-0.34291807	1.38665867
0.05701238	-0.34210929	1.38665533
0.05647999	-0.33562928	1.38664424
0.05571073	-0.33402881	1.38663983
0.05557209	-0.33112350	1.38663507
0.05536455	-0.32585731	1.38662660
0.05496174	-0.32454214	1.38662362
0.05476052	-0.32305568	1.38662088
0.05396312	-0.31992939	1.38661408
0.05375135	-0.31491116	1.38660598
0.05353069	-0.31129682	1.38659990
0.05333769	-0.31011686	1.38659763
0.05305964	-0.30596358	1.38659060
0.05271882	-0.30408442	1.38658690
0.05215114	-0.30231267	1.38658285
0.05157852	-0.30105388	1.38657939
0.05147284	-0.30001694	1.38657761
0.05083108	-0.29875103	1.38657403
0.04995894	-0.29698551	1.38656914
0.04927969	-0.28729394	1.38655281
0.04908663	-0.28611389	1.38655043
0.04846984	-0.28410915	1.38654590
0.04665005	-0.28364924	1.38654053
0.04658920	-0.28164765	1.38653731
0.04611266	-0.26166478	1.38650596
0.04548311	-0.26045716	1.38650250
0.04533565	-0.25890291	1.38649976
0.04459423	-0.22170767	1.38644171
0.04119694	-0.22139874	1.38643253
0.04098862	-0.21784273	1.38642657
0.03946155	-0.21646339	1.38642061
0.03832507	-0.21634102	1.38641751
0.03734440	-0.20966938	1.38640487
0.03577143	-0.20951942	1.38640070
0.03459936	-0.20660374	1.38639319
0.03343540	-0.20474380	1.38638747
0.03249699	-0.20304069	1.38638246
0.03132808	-0.20238963	1.38637853
0.03099900	-0.20142391	1.38637614
0.02915031	-0.20114848	1.38637102
0.02788186	-0.20024312	1.38636637
0.02779239	-0.19912240	1.38636446
0.02664357	-0.19894174	1.38636124
0.02617007	-0.19798997	1.38635862
0.02528512	-0.19702139	1.38635492
0.02468449	-0.19568226	1.38635135
0.02363038	-0.19461107	1.38634706
0.02330232	-0.19268447	1.38634324
0.02246696	-0.19109350	1.38633871
0.02138835	-0.19065520	1.38633525
0.02127832	-0.18842059	1.38633168
0.02041805	-0.18681911	1.38632703
0.01994532	-0.18490639	1.38632286
0.01916790	-0.18380216	1.38631928
0.01843894	-0.18308938	1.38631630
0.01773220	-0.18006986	1.38630998
0.01717657	-0.17921174	1.38630724
0.01634127	-0.17762077	1.38630271
0.01598817	-0.17643288	1.38629997
0.01505822	-0.17498329	1.38629544
0.01434296	-0.17251271	1.38628983
0.01353633	-0.17159262	1.38628638
0.01312089	-0.17027199	1.38628328
0.01245868	-0.16939107	1.38628030
0.01231879	-0.16749939	1.38627708
0.01173085	-0.16536340	1.38627231
0.01106820	-0.16458818	1.38626945
0.01073974	-0.16276738	1.38626587
0.01050964	-0.16141257	1.38626325
0.01024267	-0.15988281	1.38626027
0.00907767	-0.15983909	1.38625717
0.00889707	-0.15791491	1.38625383
0.00856000	-0.15664306	1.38625097
0.00776216	-0.15587041	1.38624787
0.00771666	-0.15474603	1.38624597
0.00713646	-0.15377146	1.38624299
0.00647816	-0.15269527	1.38623977
0.00643012	-0.15139535	1.38623762
0.00537604	-0.15032414	1.38623333
0.00482059	-0.14946604	1.38623059
0.00444648	-0.14801937	1.38622749
0.00382888	-0.14697576	1.38622427
0.00350073	-0.14579836	1.38622165
0.00274760	-0.14336479	1.38621604
0.00213042	-0.14221540	1.38621271
0.00148049	-0.14139244	1.38620985
0.00139439	-0.14018250	1.38620782
0.00454491	-0.00862348	1.38601708
0.00436488	-0.00579113	1.38601232
0.00503930	0.03580265	1.38595128
0.00347760	0.04248790	1.38593721
0.00344101	0.04351787	1.38593554
0.00333127	0.04660763	1.38593054
0.00246957	0.07066092	1.38589203
0.00006035	0.07899523	1.38587320
-0.00435659	0.08262408	1.38585639
-0.00555474	0.08303776	1.38585269
-0.00571352	0.09551963	1.38583350
-0.09143916	0.24455786	1.38538861
-0.09169385	0.24602918	1.38538575
-0.09234706	0.24906366	1.38537955
-0.09179083	0.24991615	1.38537967
-0.09311140	0.25262266	1.38537216
-0.09288026	0.25383335	1.38537097
-0.09241018	0.25509334	1.38537025
-0.09400627	0.25878048	1.38536060
-0.09445474	0.25972170	1.38535798
-0.09415260	0.26290035	1.38535404
-0.09918801	0.27341685	1.38532519
-0.09920368	0.27493745	1.38532281
-0.09972189	0.27647597	1.38531923
-0.09831685	0.27824470	1.38532019
-0.09790462	0.27918881	1.38531971
-0.09990403	0.28333622	1.38530838
-0.09896883	0.28389788	1.38530993
-0.09710647	0.28612971	1.38531137
-0.09579995	0.28836447	1.38531125
-0.09526792	0.29018837	1.38530993
-0.09577705	0.29393333	1.38530290
-0.09524494	0.29575723	1.38530159
-0.09547491	0.29711199	1.38529897
-0.09753354	0.30668169	1.38527918
-0.09760629	0.30959669	1.38527453
-0.09740399	0.31067589	1.38527346
-0.09712352	0.31165361	1.38527274
-0.09697855	0.31327209	1.38527060
-0.09703986	0.31441879	1.38526881
-0.09580402	0.31554064	1.38527024
-0.09588951	0.31765878	1.38526678
-0.09569530	0.31904423	1.38526523
-0.09564854	0.32198393	1.38526094
-0.09500936	0.32389075	1.38525963
-0.09476548	0.32589829	1.38525724
-0.09415129	0.32706648	1.38525701
-0.09354539	0.32854104	1.38525641
-0.09346208	0.33045083	1.38525367
-0.09253941	0.33101785	1.38525522
-0.09088321	0.33277753	1.38525677
-0.09066394	0.33490163	1.38525414
-0.09011953	0.33666736	1.38525283
-0.08936124	0.33774361	1.38525319
-0.08869323	0.33978188	1.38525188
-0.08895200	0.34100521	1.38524926
-0.08640639	0.34289971	1.38525295
-0.08689554	0.34462273	1.38524914
-0.08528100	0.34540108	1.38525212
-0.08431660	0.34694946	1.38525224
-0.08145802	0.34854355	1.38525712
-0.07949746	0.34945413	1.38526082
-0.07880853	0.35198313	1.38525867
-0.07828917	0.35301012	1.38525856
-0.07704888	0.35443297	1.38525951
-0.07779288	0.35757428	1.38525283
-0.07745878	0.35861987	1.38525212
-0.07701334	0.35999644	1.38525116
-0.07737516	0.36138505	1.38524818
-0.07647687	0.36212122	1.38524938
-0.07465161	0.36452806	1.38525045
-0.07283449	0.36718780	1.38525105
-0.07256636	0.36822373	1.38525021
-0.07255745	0.36962795	1.38524806
-0.07216984	0.37068844	1.38524747
-0.07223000	0.37440059	1.38524175
-0.07103103	0.37569740	1.38524282
-0.07027566	0.37834173	1.38524079
-0.06896208	0.37925640	1.38524270
-0.06872074	0.38443670	1.38523555
-0.06835794	0.38561398	1.38523471
-0.06728269	0.38663805	1.38523591
-0.06682414	0.38966662	1.38523245
-0.06596647	0.39198726	1.38523114
-0.06499790	0.39378357	1.38523090
-0.06485257	0.39625716	1.38522756
-0.06485154	0.39882290	1.38522375
-0.06424549	0.40029728	1.38522303
-0.06436710	0.40430045	1.38521671
-0.06429535	0.40797874	1.38521135
-0.06424753	0.41348422	1.38520312
-0.06432031	0.41639918	1.38519847
-0.06461145	0.41890049	1.38519394
-0.06462295	0.42066902	1.38519132
-0.06542344	0.42611313	1.38518107
-0.06588295	0.42967790	1.38517451
-0.06599239	0.43362296	1.38516819
-0.04839301	0.43909037	1.38520503
-0.04540880	0.44528610	1.38520336
-0.03790505	0.44677961	1.38522029
-0.03604300	0.45731530	1.38520920
-0.03572932	0.45872539	1.38520789
-0.05742425	0.62436849	1.38490200
-0.05802194	0.63174701	1.38488936
-0.05873460	0.64020395	1.38487470
-0.05854040	0.64158952	1.38487315
-0.05863819	0.64376575	1.38486958
-0.05766990	0.65386605	1.38485682
-0.05774347	0.65507072	1.38485479
-0.05787777	0.65827698	1.38484967
-0.05701938	0.66230816	1.38484573
-0.05696937	0.66378546	1.38484359
-0.05694689	0.66769671	1.38483775
-0.05727454	0.67122799	1.38483155
-0.05582447	0.67251563	1.38483334
-0.05544887	0.67448992	1.38483131
-0.05530397	0.67610842	1.38482928
-0.05533975	0.67884868	1.38482499
-0.05541290	0.68090844	1.38482177
-0.05553464	0.68491185	1.38481534
-0.05568086	0.68903160	1.38480878
-0.05486882	0.69097805	1.38480794
-0.05469881	0.69333529	1.38480484
-0.05374093	0.69866365	1.38479924
-0.05378984	0.69975173	1.38479745
-0.05283355	0.70160639	1.38479710
-0.05069146	0.70310557	1.38480031
-0.05104309	0.70846349	1.38479125
-0.04961340	0.71011567	1.38479245
-0.04945631	0.71167618	1.38479054
-0.04817938	0.71206897	1.38479316
-0.04633445	0.71234763	1.38479745
-0.04648563	0.71531147	1.38479269
-0.04502273	0.71739614	1.38479328
-0.04386122	0.71801233	1.38479531
-0.04369541	0.72012150	1.38479257
-0.04363258	0.72239578	1.38478923
-0.04145401	0.72286505	1.38479412
-0.04164966	0.72721797	1.38478708
-0.04109251	0.72978050	1.38478458
-0.04097228	0.73151553	1.38478231
-0.04090940	0.73378974	1.38477898
-0.03977216	0.73537761	1.38477957
-0.03927195	0.73938781	1.38477480
-0.03829109	0.74112588	1.38477468
-0.03798892	0.74430454	1.38477063
-0.03547209	0.74606740	1.38477445
-0.03494035	0.74703622	1.38477433
-0.03400917	0.74815202	1.38477504
-0.03366486	0.75166881	1.38477051
-0.03291539	0.75289249	1.38477063
-0.03260104	0.75446135	1.38476908
-0.03185166	0.75568515	1.38476908
-0.03003526	0.75668758	1.38477230
-0.02870411	0.75880575	1.38477254
-0.02794158	0.76013005	1.38477242
-0.02486482	0.76133573	1.38477850
-0.00664649	0.76232231	1.38482368
-0.00484269	0.76252788	1.38482797
-0.00380314	0.76629227	1.38482499
-0.00294563	0.76861304	1.38482368
-0.00073663	0.80531216	1.38477385
-0.00053565	0.80682325	1.38477218
0.00093237	0.80786884	1.38477433
0.00164515	0.80857092	1.38477504
0.00248149	0.80954570	1.38477576
0.00361873	0.81113350	1.38477623
0.00399821	0.81250066	1.38477516
0.00464917	0.81344116	1.38477540
0.00557134	0.81465143	1.38477600
0.02630521	0.81403315	1.38483000
0.02738432	0.81445003	1.38483214
0.02778120	0.81776989	1.38482821
0.02808806	0.83201313	1.38480747
0.02803604	0.83461660	1.38480341
0.03250059	0.83644015	1.38481200
0.03545360	0.83732021	1.38481832
0.03717110	0.83793366	1.38482177
0.04395849	0.84018749	1.38483572
0.04393016	0.85992551	1.38480580
0.05226561	0.86129093	1.38482511
0.05557937	0.86737597	1.38482440
0.05554015	0.88073790	1.38480413
0.05703923	0.88093734	1.38480771
0.05847703	0.88228327	1.38480937
0.05939591	0.88345736	1.38480997
0.06020372	0.88510293	1.38480949
0.06050084	0.88632327	1.38480842
0.06178229	0.88781953	1.38480949
0.06255700	0.88908535	1.38480949
0.06383841	0.89058149	1.38481057
0.06415246	0.89284682	1.38480794
0.06518641	0.89374459	1.38480926
0.06626203	0.89562404	1.38480914
0.06701220	0.89700669	1.38480902
0.06717829	0.89997095	1.38480496
0.06764404	0.90092999	1.38480473
0.06773594	0.90338862	1.38480115
0.06873244	0.90360606	1.38480341
0.06909536	0.90478331	1.38480258
0.07042603	0.90604621	1.38480401
0.07078148	0.90843779	1.38480139
0.07133776	0.90928996	1.38480151
0.07294107	0.91269237	1.38480043
0.07313562	0.91493291	1.38479757
0.07391861	0.91589272	1.38479817
0.07506821	0.91742247	1.38479877
0.07554285	0.91978556	1.38479638
0.07641204	0.92033756	1.38479781
0.07526084	0.93285000	1.38477600
0.07442711	0.93786162	1.38476622
0.06720218	0.95974469	1.38471472
